4.024494042E+00  1.701725841E+00
4.043832042E+00  3.733113050E+00
4.063170041E+00  3.124851227E+00
4.082508041E+00  2.486255646E+00
4.101846041E+00  1.871169806E+00
4.121184041E+00  1.987405419E+00
4.140522041E+00  7.867645025E-01
4.159860041E+00  -2.869713604E-01
4.179198041E+00  -7.087469697E-01
4.198536041E+00  -5.784456134E-01
4.217874041E+00  2.444411814E-01
4.237212041E+00  1.340855479E+00
4.256550041E+00  2.395465851E+00
4.275888041E+00  2.197134495E+00
4.295226041E+00  1.308753371E+00
4.314564041E+00  5.262130499E-01
4.333902041E+00  1.110534430E+00
4.353240041E+00  1.193447471E+00
4.372578041E+00  -4.672868550E-02
4.391916041E+00  -6.811832786E-01
4.411254041E+00  4.236033559E-01
4.430592041E+00  1.500098825E+00
4.449930041E+00  3.151956320E+00
4.469268041E+00  4.730550289E+00
4.488606041E+00  6.000185013E+00
4.507944041E+00  9.670718193E+00
4.527282041E+00  1.717383766E+01
4.546620041E+00  2.778600502E+01
4.565958041E+00  3.690696335E+01
4.585296041E+00  4.069689560E+01
4.604634041E+00  3.583996964E+01
4.623972041E+00  2.762626839E+01
4.643310041E+00  1.969849396E+01
4.662648041E+00  1.510333729E+01
4.681986041E+00  1.175647545E+01
4.701324041E+00  1.050401783E+01
4.720662041E+00  9.480375290E+00
4.740000041E+00  1.093597603E+01
4.759338041E+00  1.182561016E+01
4.778676041E+00  1.305203438E+01
4.798014041E+00  1.498452187E+01
4.817352041E+00  1.900904465E+01
4.836690041E+00  2.672098923E+01
4.856028041E+00  3.305156326E+01
4.875366041E+00  3.941016388E+01
4.894704041E+00  3.919366837E+01
4.914042041E+00  3.458027267E+01
4.933380041E+00  2.839353371E+01
4.952718041E+00  2.306296921E+01
4.972056041E+00  2.053404236E+01
4.991394041E+00  1.892511559E+01
5.010732041E+00  1.910863686E+01
5.030070041E+00  1.858427238E+01
5.049408041E+00  1.894173813E+01
5.068746041E+00  1.958008575E+01
5.088084041E+00  2.070436478E+01
5.107422041E+00  2.386524010E+01
5.126760041E+00  2.706123734E+01
5.146098041E+00  3.405618286E+01
5.165436041E+00  5.127459717E+01
5.184774041E+00  7.677106476E+01
5.204112041E+00  9.942591095E+01
5.223450041E+00  1.030619507E+02
5.242788041E+00  8.324245453E+01
5.262126041E+00  5.740601349E+01
5.281464041E+00  3.710557175E+01
5.300802041E+00  2.680932426E+01
5.320140041E+00  2.199440384E+01
5.339478041E+00  1.853904724E+01
5.358816041E+00  1.663645363E+01
5.378154041E+00  1.437998104E+01
5.397492041E+00  1.318656635E+01
5.416830041E+00  1.156807327E+01
5.436168041E+00  1.048840427E+01
5.455506041E+00  9.059596062E+00
5.474844041E+00  7.271242619E+00
5.494182041E+00  4.653873444E+00
5.513520041E+00  4.410910130E+00
5.532858041E+00  5.636862755E+00
5.552196041E+00  7.498001099E+00
5.571534041E+00  9.281314850E+00
5.590872041E+00  7.773193836E+00
5.610210041E+00  6.661556721E+00
5.629548040E+00  5.048151493E+00
5.648886040E+00  3.758415699E+00
5.668224040E+00  2.931491852E+00
5.687562040E+00  3.760828257E+00
5.706900040E+00  6.543074608E+00
5.726238040E+00  1.622619057E+01
5.745576040E+00  2.343333244E+01
5.764914040E+00  2.959043884E+01
5.784252040E+00  2.465856552E+01
5.803590040E+00  1.726984406E+01
5.822928040E+00  5.653973103E+00
5.842266040E+00  2.503919125E+00
5.861604040E+00  1.131600022E+00
5.880942040E+00  3.537873268E+00
5.900280040E+00  6.580608368E+00
5.919618040E+00  1.491405964E+01
5.938956040E+00  3.009992790E+01
5.958294040E+00  5.281290436E+01
5.977632040E+00  7.099928284E+01
5.996970040E+00  6.903346252E+01
6.016308040E+00  5.080216599E+01
6.035646040E+00  3.064226723E+01
6.054984040E+00  1.577420902E+01
6.074322040E+00  7.530355930E+00
6.093660040E+00  4.316131115E+00
6.112998040E+00  2.285311937E+00
6.132336040E+00  1.421758652E+00
6.151674040E+00  -3.125747442E-01
6.171012040E+00  -1.118637398E-01
6.190350040E+00  -4.532521367E-01
6.209688040E+00  -7.554946542E-01
6.229026040E+00  -1.648869038E+00
6.248364040E+00  -9.302103519E-01
6.267702040E+00  -1.579011381E-01
6.287040040E+00  3.460935950E-01
6.306378040E+00  1.521289587E+00
6.325716040E+00  1.044917345E+00
6.345054040E+00  4.250389040E-01
6.364392040E+00  -1.700698137E-01
6.383730040E+00  6.792448759E-01
6.403068040E+00  1.142099738E+00
6.422406040E+00  9.845257998E-01
6.441744040E+00  1.687307477E+00
6.461082040E+00  1.369120359E+00
6.480420040E+00  1.828994513E+00
6.499758040E+00  1.868076801E+00
6.519096040E+00  3.131597996E+00
6.538434040E+00  3.615758657E+00
6.557772040E+00  4.728390217E+00
6.577110040E+00  5.129157543E+00
6.596448040E+00  5.327944279E+00
6.615786040E+00  3.927160025E+00
6.635124040E+00  2.734657049E+00
6.654462040E+00  8.701151013E-01
6.673800040E+00  2.657189667E-01
6.693138040E+00  -2.895250022E-01
6.712476040E+00  2.034909576E-01
6.731814040E+00  -7.485903502E-01
6.751152040E+00  -1.047535181E+00
6.770490040E+00  -1.796231508E+00
6.789828040E+00  -1.349030972E+00
6.809166040E+00  -1.141934991E+00
6.828504040E+00  3.520345986E-01
6.847842040E+00  1.267015457E+00
6.867180040E+00  9.301336408E-01
6.886518040E+00  1.387823582E+00
6.905856040E+00  3.235614777E+00
6.925194040E+00  4.074504375E+00
6.944532040E+00  2.879561424E+00
6.963870040E+00  1.015012383E+00
6.983208040E+00  3.413094878E-01
7.002546040E+00  1.582997441E+00
7.021884040E+00  2.052904606E+00
7.041222040E+00  1.166554213E+00
7.060560040E+00  1.040192246E+00
7.079898040E+00  6.769496799E-01
7.099236040E+00  1.952684641E+00
7.118574040E+00  2.126360893E+00
7.137912040E+00  1.982075691E+00
7.157250040E+00  1.046589732E+00
7.176588040E+00  1.567655921E+00
7.195926039E+00  1.517190337E+00
7.215264039E+00  1.798359871E+00
7.234602039E+00  1.512787819E+00
7.253940039E+00  1.445594072E+00
7.273278039E+00  7.890810370E-01
7.292616039E+00  1.016016126E+00
7.311954039E+00  6.999353766E-01
7.331292039E+00  6.499600410E-01
7.350630039E+00  -3.110756911E-02
7.369968039E+00  -1.133196235E+00
7.389306039E+00  -1.326525331E+00
7.408644039E+00  -1.125177026E+00
7.427982039E+00  -1.288676709E-01
7.447320039E+00  5.962225795E-02
7.466658039E+00  5.070456862E-01
7.485996039E+00  8.250450492E-01
7.505334039E+00  1.493995547E+00
7.524672039E+00  1.034810066E+00
7.544010039E+00  2.718159676E+00
7.563348039E+00  4.358228207E+00
7.582686039E+00  6.468467712E+00
7.602024039E+00  7.848077774E+00
7.621362039E+00  8.724030495E+00
7.640700039E+00  8.276763916E+00
7.660038039E+00  6.789648056E+00
7.679376039E+00  5.516665459E+00
7.698714039E+00  4.279022694E+00
7.718052039E+00  2.933537245E+00
7.737390039E+00  2.761307001E+00
7.756728039E+00  3.552918673E+00
7.776066039E+00  5.639150143E+00
7.795404039E+00  5.789103985E+00
7.814742039E+00  7.708748817E+00
7.834080039E+00  1.282308769E+01
7.853418039E+00  2.323044777E+01
7.872756039E+00  4.138504410E+01
7.892094039E+00  6.359807968E+01
7.911432039E+00  8.960404205E+01
7.930770039E+00  1.052564392E+02
7.950108039E+00  1.057565308E+02
7.969446039E+00  9.034648132E+01
7.988784039E+00  7.127642822E+01
8.008122039E+00  5.430440903E+01
8.027460039E+00  4.611120224E+01
8.046798039E+00  4.409259415E+01
8.066136039E+00  4.819588089E+01
8.085474039E+00  5.247141266E+01
8.104812039E+00  5.325341797E+01
8.124150039E+00  4.850744629E+01
8.143488039E+00  4.165079498E+01
8.162826039E+00  3.256607056E+01
8.182164039E+00  2.662706947E+01
8.201502039E+00  2.155700684E+01
8.220840039E+00  1.882634354E+01
8.240178039E+00  1.471339607E+01
8.259516039E+00  1.060842037E+01
8.278854039E+00  7.870244503E+00
8.298192039E+00  4.958042145E+00
8.317530039E+00  2.813112497E+00
8.336868039E+00  -9.204673022E-02
8.356206039E+00  -1.279251933E+00
8.375544039E+00  -7.999116778E-01
8.394882039E+00  5.316969156E-01
8.414220039E+00  1.553160429E+00
8.433558039E+00  2.277365446E+00
8.452896039E+00  3.443155289E+00
8.472234039E+00  3.368171930E+00
8.491572039E+00  4.683715820E+00
8.510910039E+00  5.922267437E+00
8.530248039E+00  8.031643867E+00
8.549586039E+00  1.053362179E+01
8.568924039E+00  1.332722187E+01
8.588262039E+00  1.761557961E+01
8.607600039E+00  2.426409721E+01
8.626938039E+00  3.311330032E+01
8.646276039E+00  4.954958344E+01
8.665614039E+00  7.643175507E+01
8.684952039E+00  1.271980667E+02
8.704290039E+00  2.116028595E+02
8.723628039E+00  3.227809143E+02
8.742966039E+00  4.255432739E+02
8.762304038E+00  4.546560974E+02
8.781642038E+00  4.020480652E+02
8.800980038E+00  3.016607056E+02
8.820318038E+00  2.019301758E+02
8.839656038E+00  1.271103058E+02
8.858994038E+00  8.155675507E+01
8.878332038E+00  5.183382416E+01
8.897670038E+00  3.501247406E+01
8.917008038E+00  2.455462837E+01
8.936346038E+00  1.822214508E+01
8.955684038E+00  1.421457672E+01
8.975022038E+00  1.242985058E+01
8.994360038E+00  1.058090019E+01
9.013698038E+00  1.050578880E+01
9.033036038E+00  9.884317398E+00
9.052374038E+00  8.030323982E+00
9.071712038E+00  6.128315449E+00
9.091050038E+00  9.268073082E+00
9.110388038E+00  1.847175598E+01
9.129726038E+00  3.081566238E+01
9.149064038E+00  4.143224335E+01
9.168402038E+00  4.722648621E+01
9.187740038E+00  4.855247116E+01
9.207078038E+00  4.978974152E+01
9.226416038E+00  4.650333405E+01
9.245754038E+00  3.834149551E+01
9.265092038E+00  2.541634750E+01
9.284430038E+00  1.421435833E+01
9.303768038E+00  6.123689175E+00
9.323106038E+00  1.815726042E+00
9.342444038E+00  3.631274998E-01
9.361782038E+00  4.687069356E-01
9.381120038E+00  2.396711349E+00
9.400458038E+00  4.976547718E+00
9.419796038E+00  1.069488907E+01
9.439134038E+00  1.782781792E+01
9.458472038E+00  2.564248848E+01
9.477810038E+00  3.157285500E+01
9.497148038E+00  3.513135529E+01
9.516486038E+00  3.414438248E+01
9.535824038E+00  2.902543068E+01
9.555162038E+00  2.225854683E+01
9.574500038E+00  1.828285980E+01
9.593838038E+00  1.545841122E+01
9.613176038E+00  1.545689297E+01
9.632514038E+00  1.479565430E+01
9.651852038E+00  1.338622379E+01
9.671190038E+00  1.024897671E+01
9.690528038E+00  8.027780533E+00
9.709866038E+00  5.659741402E+00
9.729204038E+00  6.354449272E+00
9.748542038E+00  8.305348396E+00
9.767880038E+00  1.142881203E+01
9.787218038E+00  1.395917702E+01
9.806556038E+00  1.613862228E+01
9.825894038E+00  1.651789665E+01
9.845232038E+00  1.713838196E+01
9.864570038E+00  1.981029320E+01
9.883908038E+00  2.809925842E+01
9.903246038E+00  3.935041809E+01
9.922584038E+00  4.808137512E+01
9.941922038E+00  5.098128128E+01
9.961260038E+00  4.454847336E+01
9.980598038E+00  3.129646111E+01
9.999936038E+00  1.733229828E+01
1.001927404E+01  7.861773491E+00
1.003861204E+01  1.627945662E+00
1.005795004E+01  -1.066759944E+00
1.007728804E+01  -2.164996862E+00
1.009662604E+01  -3.303777218E+00
1.011596404E+01  -3.554827690E+00
1.013530204E+01  -2.812347651E+00
1.015464004E+01  -1.645913959E+00
1.017397804E+01  -1.481145978E+00
1.019331604E+01  -1.175268173E+00
1.021265404E+01  -2.354331613E-01
1.023199204E+01  1.608523607E+00
1.025133004E+01  3.225677013E+00
1.027066804E+01  5.309413910E+00
1.029000604E+01  8.649161339E+00
1.030934404E+01  1.488600159E+01
1.032868204E+01  2.151596260E+01
1.034802004E+01  2.813984299E+01
1.036735804E+01  3.437799454E+01
1.038669604E+01  4.168392181E+01
1.040603404E+01  4.927453613E+01
1.042537204E+01  5.633972168E+01
1.044471004E+01  5.952354431E+01
1.046404804E+01  6.144385910E+01
1.048338604E+01  6.278249741E+01
1.050272404E+01  6.806591034E+01
1.052206204E+01  7.648659515E+01
1.054140004E+01  8.574780273E+01
1.056073804E+01  9.275944519E+01
1.058007604E+01  9.677632141E+01
1.059941404E+01  1.017004395E+02
1.061875204E+01  1.087868652E+02
1.063809004E+01  1.161740723E+02
1.065742804E+01  1.194597855E+02
1.067676604E+01  1.147871399E+02
1.069610404E+01  1.043335648E+02
1.071544204E+01  9.124099731E+01
1.073478004E+01  7.912216949E+01
1.075411804E+01  6.849680328E+01
1.077345604E+01  6.099619675E+01
1.079279404E+01  5.434465408E+01
1.081213204E+01  4.785997391E+01
1.083147004E+01  4.147555923E+01
1.085080804E+01  3.551992798E+01
1.087014604E+01  3.005731010E+01
1.088948404E+01  2.473700714E+01
1.090882204E+01  2.103154373E+01
1.092816004E+01  1.805795288E+01
1.094749804E+01  1.576016045E+01
1.096683604E+01  1.400955296E+01
1.098617404E+01  1.211060429E+01
1.100551204E+01  1.166915131E+01
1.102485004E+01  1.248326683E+01
1.104418804E+01  1.356645012E+01
1.106352604E+01  1.378348732E+01
1.108286404E+01  1.547923660E+01
1.110220204E+01  2.022313309E+01
1.112154004E+01  2.763963127E+01
1.114087804E+01  3.574585342E+01
1.116021604E+01  4.520451736E+01
1.117955404E+01  5.741156769E+01
1.119889204E+01  7.094554901E+01
1.121823004E+01  8.556793213E+01
1.123756804E+01  9.752697754E+01
1.125690604E+01  1.090964127E+02
1.127624404E+01  1.203518066E+02
1.129558204E+01  1.359512177E+02
1.131492004E+01  1.567198792E+02
1.133425804E+01  1.836392517E+02
1.135359604E+01  2.186277771E+02
1.137293404E+01  2.620024109E+02
1.139227204E+01  3.121322632E+02
1.141161004E+01  3.542806702E+02
1.143094804E+01  3.718757935E+02
1.145028604E+01  3.517988586E+02
1.146962404E+01  2.997408142E+02
1.148896204E+01  2.369485321E+02
1.150830004E+01  1.786319427E+02
1.152763804E+01  1.350118866E+02
1.154697604E+01  1.016414642E+02
1.156631404E+01  7.962782288E+01
1.158565204E+01  6.422212219E+01
1.160499004E+01  5.415623856E+01
1.162432804E+01  4.589443207E+01
1.164366604E+01  3.763703156E+01
1.166300404E+01  2.944654274E+01
1.168234204E+01  2.193648148E+01
1.170168004E+01  1.594825745E+01
1.172101804E+01  1.171585941E+01
1.174035604E+01  9.305422783E+00
1.175969404E+01  8.874270439E+00
1.177903204E+01  8.739641190E+00
1.179837004E+01  1.029629612E+01
1.181770804E+01  1.108011532E+01
1.183704604E+01  1.345585060E+01
1.185638404E+01  1.624468994E+01
1.187572204E+01  2.139967728E+01
1.189506004E+01  2.782431030E+01
1.191439804E+01  3.732824326E+01
1.193373604E+01  5.039743042E+01
1.195307404E+01  6.228908157E+01
1.197241204E+01  7.129023743E+01
1.199175004E+01  7.199594879E+01
1.201108804E+01  6.683199310E+01
1.203042604E+01  5.690374374E+01
1.204976404E+01  4.802268219E+01
1.206910204E+01  4.056221008E+01
1.208844004E+01  3.607339478E+01
1.210777804E+01  3.548697281E+01
1.212711604E+01  3.589927292E+01
1.214645404E+01  3.730716324E+01
1.216579204E+01  3.895025253E+01
1.218513004E+01  4.257453537E+01
1.220446804E+01  4.736856461E+01
1.222380604E+01  5.437958145E+01
1.224314404E+01  6.497457886E+01
1.226248204E+01  7.512313843E+01
1.228182004E+01  8.172664642E+01
1.230115804E+01  8.243215942E+01
1.232049604E+01  7.551432037E+01
1.233983404E+01  6.612306976E+01
1.235917204E+01  5.779499054E+01
1.237851004E+01  5.065496445E+01
1.239784804E+01  4.460403442E+01
1.241718604E+01  3.834722519E+01
1.243652404E+01  3.157374573E+01
1.245586204E+01  2.609269524E+01
1.247520004E+01  2.026960182E+01
1.249453804E+01  1.525469303E+01
1.251387604E+01  1.139254951E+01
1.253321404E+01  8.485171318E+00
1.255255204E+01  6.171488285E+00
1.257189004E+01  4.789783955E+00
1.259122804E+01  4.473761082E+00
1.261056604E+01  4.345408440E+00
1.262990404E+01  5.419538021E+00
1.264924204E+01  6.878439903E+00
1.266858004E+01  8.525123596E+00
1.268791804E+01  1.042211056E+01
1.270725604E+01  1.254621410E+01
1.272659404E+01  1.472151566E+01
1.274593204E+01  1.666172409E+01
1.276527004E+01  1.870332527E+01
1.278460804E+01  2.156204224E+01
1.280394604E+01  2.520356369E+01
1.282328404E+01  3.072855186E+01
1.284262204E+01  3.782880783E+01
1.286196004E+01  4.683476639E+01
1.288129804E+01  5.835377884E+01
1.290063604E+01  7.369541931E+01
1.291997404E+01  9.539540100E+01
1.293931204E+01  1.240656815E+02
1.295865004E+01  1.619653473E+02
1.297798804E+01  2.048445282E+02
1.299732604E+01  2.447640839E+02
1.301666404E+01  2.733254395E+02
1.303600204E+01  2.850916138E+02
1.305534004E+01  2.881568298E+02
1.307467804E+01  2.897749939E+02
1.309401604E+01  2.935881042E+02
1.311335404E+01  2.981963196E+02
1.313269204E+01  2.991978760E+02
1.315203004E+01  2.935594177E+02
1.317136804E+01  2.769386292E+02
1.319070604E+01  2.542337952E+02
1.321004404E+01  2.273657379E+02
1.322938204E+01  2.022419586E+02
1.324872004E+01  1.785249786E+02
1.326805804E+01  1.559965363E+02
1.328739604E+01  1.357229462E+02
1.330673404E+01  1.179049759E+02
1.332607204E+01  1.028843231E+02
1.334541004E+01  9.070660400E+01
1.336474804E+01  8.020374298E+01
1.338408604E+01  7.213937378E+01
1.340342404E+01  6.465267181E+01
1.342276204E+01  5.976558685E+01
1.344210004E+01  5.502528763E+01
1.346143804E+01  5.178528976E+01
1.348077604E+01  5.056227493E+01
1.350011404E+01  5.102182007E+01
1.351945204E+01  5.179381943E+01
1.353879004E+01  5.307296753E+01
1.355812804E+01  5.591781616E+01
1.357746604E+01  6.069000626E+01
1.359680404E+01  6.525397491E+01
1.361614204E+01  7.159620667E+01
1.363548004E+01  7.978524017E+01
1.365481804E+01  9.200054932E+01
1.367415604E+01  1.070368652E+02
1.369349404E+01  1.276132431E+02
1.371283204E+01  1.510122070E+02
1.373217004E+01  1.721828613E+02
1.375150804E+01  1.862114716E+02
1.377084604E+01  1.886798859E+02
1.379018404E+01  1.788704834E+02
1.380952204E+01  1.513136597E+02
1.382886004E+01  1.345569000E+02
1.384819804E+01  1.427584991E+02
1.386753604E+01  1.516225433E+02
1.388687404E+01  1.514304657E+02
1.390621204E+01  1.596789398E+02
1.392555004E+01  1.688439789E+02
1.394488804E+01  2.616119690E+02
1.396422604E+01  2.965456238E+02
1.398356404E+01  2.627440491E+02
1.400290204E+01  2.256694641E+02
1.402224004E+01  1.777085419E+02
1.404157804E+01  1.192829971E+02
1.406091604E+01  8.386471558E+01
1.408025404E+01  1.887596321E+01
1.409959204E+01  1.069794750E+01
1.411893004E+01  -4.341531098E-01
1.413826804E+01  -1.158720589E+01
1.415760604E+01  -5.471181870E+00
1.417694404E+01  1.759050369E+01
1.419628204E+01  5.937473679E+01
1.421562004E+01  6.302091980E+01
1.423495804E+01  6.246222305E+01
1.425429603E+01  5.976142120E+01
1.427363403E+01  5.643071365E+01
1.429297203E+01  5.298200226E+01
1.431231003E+01  5.102101135E+01
1.433164803E+01  4.986387634E+01
1.435098603E+01  4.787317276E+01
1.437032403E+01  4.651105118E+01
1.438966203E+01  4.591170883E+01
1.440900003E+01  4.683734131E+01
1.442833803E+01  4.877651596E+01
1.444767603E+01  5.247555161E+01
1.446701403E+01  5.858193970E+01
1.448635203E+01  6.442314911E+01
1.450569003E+01  6.646573639E+01
1.452502803E+01  6.282669067E+01
1.454436603E+01  5.385947800E+01
1.456370403E+01  4.457580566E+01
1.458304203E+01  3.643700027E+01
1.460238003E+01  3.008909988E+01
1.462171803E+01  2.714105225E+01
1.464105603E+01  2.591251755E+01
1.466039403E+01  2.633718109E+01
1.467973203E+01  2.491440964E+01
1.469907003E+01  2.436110497E+01
1.471840803E+01  2.193908691E+01
1.473774603E+01  2.011403465E+01
1.475708403E+01  1.808281326E+01
1.477642203E+01  1.745866394E+01
1.479576003E+01  1.627839470E+01
1.481509803E+01  1.494390392E+01
1.483443603E+01  1.423878765E+01
1.485377403E+01  1.394856453E+01
1.487311203E+01  1.304598141E+01
1.489245003E+01  1.251254272E+01
1.491178803E+01  1.333777618E+01
1.493112603E+01  1.407379341E+01
1.495046403E+01  1.511922455E+01
1.496980203E+01  1.565647125E+01
1.498914003E+01  1.688620186E+01
1.500847803E+01  1.949548912E+01
1.502781603E+01  2.421982193E+01
1.504715403E+01  3.043318939E+01
1.506649203E+01  3.637574387E+01
1.508583003E+01  4.390782166E+01
1.510516803E+01  5.032562637E+01
1.512450603E+01  5.491907883E+01
1.514384403E+01  5.756509018E+01
1.516318203E+01  5.605408859E+01
1.518252003E+01  5.119134521E+01
1.520185803E+01  4.347348404E+01
1.522119603E+01  3.545933533E+01
1.524053403E+01  2.611465263E+01
1.525987203E+01  1.949878311E+01
1.527921003E+01  1.303539467E+01
1.529854803E+01  8.395178795E+00
1.531788603E+01  4.640994072E+00
1.533722403E+01  2.324059248E+00
1.535656203E+01  1.069278479E+00
1.537590003E+01  1.238306537E-01
1.539523803E+01  -2.907800376E-01
1.541457603E+01  -5.961525440E-01
1.543391403E+01  8.064647317E-01
1.545325203E+01  1.923871875E+00
1.547259003E+01  2.660421371E+00
1.549192803E+01  3.653836250E+00
1.551126603E+01  4.804509163E+00
1.553060403E+01  5.716055870E+00
1.554994203E+01  5.800910473E+00
1.556928003E+01  6.399466038E+00
1.558861803E+01  5.605763435E+00
1.560795603E+01  4.152012348E+00
1.562729403E+01  3.138576508E+00
1.564663203E+01  3.788980007E+00
1.566597003E+01  3.313191652E+00
1.568530803E+01  3.970491886E+00
1.570464603E+01  4.290668964E+00
1.572398403E+01  5.491743088E+00
1.574332203E+01  6.338124752E+00
1.576266003E+01  7.387565136E+00
1.578199803E+01  9.320380211E+00
1.580133603E+01  1.058398342E+01
1.582067403E+01  1.307245636E+01
1.584001203E+01  1.739986229E+01
1.585935003E+01  2.147361374E+01
1.587868803E+01  2.742708969E+01
1.589802603E+01  3.588990021E+01
1.591736403E+01  4.132541275E+01
1.593670203E+01  4.242846680E+01
1.595604003E+01  4.092759705E+01
1.597537803E+01  3.831809235E+01
1.599471603E+01  3.654167557E+01
1.601405403E+01  4.064737701E+01
1.603339203E+01  4.412664795E+01
1.605273003E+01  4.951696777E+01
1.607206803E+01  5.893665314E+01
1.609140603E+01  7.548963928E+01
1.611074403E+01  9.385739136E+01
1.613008203E+01  1.138078232E+02
1.614942003E+01  1.301602631E+02
1.616875803E+01  1.289544067E+02
1.618809603E+01  1.238811798E+02
1.620743403E+01  1.087746277E+02
1.622677203E+01  8.901725006E+01
1.624611003E+01  7.010816193E+01
1.626544803E+01  5.555489349E+01
1.628478603E+01  4.413270950E+01
1.630412403E+01  3.434514236E+01
1.632346203E+01  2.705939484E+01
1.634280003E+01  1.767893028E+01
1.636213803E+01  9.762736320E+00
1.638147603E+01  4.560608387E+00
1.640081403E+01  -1.239440069E-01
1.642015203E+01  4.751197398E-01
1.643949003E+01  6.188378334E-01
1.645882803E+01  1.188978434E+00
1.647816603E+01  2.847176194E-01
1.649750403E+01  2.103089839E-01
1.651684203E+01  1.030014157E+00
1.653618003E+01  2.397569418E+00
1.655551803E+01  3.234894753E+00
1.657485603E+01  3.283851862E+00
1.659419403E+01  2.835855961E+00
1.661353203E+01  3.600039959E+00
1.663287003E+01  4.587285519E+00
1.665220803E+01  6.481684208E+00
1.667154603E+01  8.283844948E+00
1.669088403E+01  1.108006096E+01
1.671022203E+01  1.566742706E+01
1.672956003E+01  2.220020866E+01
1.674889803E+01  3.181861687E+01
1.676823603E+01  4.609046555E+01
1.678757403E+01  6.703802490E+01
1.680691203E+01  9.765316010E+01
1.682625003E+01  1.393122253E+02
1.684558803E+01  1.886372223E+02
1.686492603E+01  2.348976440E+02
1.688426403E+01  2.661368408E+02
1.690360203E+01  2.708110962E+02
1.692294003E+01  2.500972748E+02
1.694227803E+01  2.126303406E+02
1.696161603E+01  1.686078644E+02
1.698095403E+01  1.293652802E+02
1.700029203E+01  9.773649597E+01
1.701963003E+01  7.379970551E+01
1.703896803E+01  5.702529907E+01
1.705830603E+01  4.501856232E+01
1.707764403E+01  3.684436417E+01
1.709698203E+01  3.160456848E+01
1.711632003E+01  2.795218849E+01
1.713565803E+01  2.319917297E+01
1.715499603E+01  1.740161705E+01
1.717433403E+01  1.355703354E+01
1.719367203E+01  1.035971355E+01
1.721301003E+01  6.856746674E+00
1.723234803E+01  3.707902431E+00
1.725168603E+01  1.947354674E+00
1.727102403E+01  4.005508721E-01
1.729036203E+01  -1.028675318E+00
1.730970003E+01  -1.453806281E+00
1.732903803E+01  -1.744530559E+00
1.734837603E+01  -2.726082087E+00
1.736771403E+01  -3.524697065E+00
1.738705203E+01  -2.633287907E+00
1.740639003E+01  -5.206933618E-01
1.742572803E+01  2.865758419E+00
1.744506603E+01  6.603791237E+00
1.746440403E+01  1.211942482E+01
1.748374203E+01  2.380403900E+01
1.750308003E+01  4.146310806E+01
1.752241803E+01  6.258169937E+01
1.754175603E+01  7.738320160E+01
1.756109403E+01  8.281600189E+01
1.758043203E+01  7.899746704E+01
1.759977003E+01  6.861470032E+01
1.761910803E+01  5.645347595E+01
1.763844603E+01  4.477542496E+01
1.765778403E+01  3.547368240E+01
1.767712203E+01  3.076355743E+01
1.769646003E+01  2.877103806E+01
1.771579803E+01  2.848810768E+01
1.773513603E+01  2.930632019E+01
1.775447403E+01  3.044391823E+01
1.777381203E+01  3.292349243E+01
1.779315003E+01  3.655574799E+01
1.781248803E+01  4.037004852E+01
1.783182603E+01  4.493129730E+01
1.785116403E+01  5.134861374E+01
1.787050203E+01  5.900616837E+01
1.788984003E+01  6.757353973E+01
1.790917803E+01  7.645813751E+01
1.792851603E+01  8.444114685E+01
1.794785403E+01  9.053119659E+01
1.796719203E+01  9.379746246E+01
1.798653003E+01  9.646112823E+01
1.800586803E+01  9.682343292E+01
1.802520603E+01  9.583958435E+01
1.804454403E+01  9.326580048E+01
1.806388203E+01  8.902772522E+01
1.808322003E+01  8.371179199E+01
1.810255803E+01  7.869565582E+01
1.812189603E+01  7.307233429E+01
1.814123403E+01  6.617760468E+01
1.816057203E+01  5.951972198E+01
1.817991003E+01  5.357532501E+01
1.819924803E+01  4.873031616E+01
1.821858603E+01  4.444017792E+01
1.823792403E+01  3.950031662E+01
1.825726203E+01  3.562678528E+01
1.827660003E+01  3.399190140E+01
1.829593803E+01  3.561536407E+01
1.831527603E+01  3.895629120E+01
1.833461403E+01  4.137355804E+01
1.835395203E+01  4.543693161E+01
1.837329003E+01  5.104793549E+01
1.839262803E+01  5.801478577E+01
1.841196603E+01  6.527249146E+01
1.843130403E+01  7.525700378E+01
1.845064203E+01  9.018033600E+01
1.846998003E+01  1.085147171E+02
1.848931803E+01  1.284149628E+02
1.850865603E+01  1.494993134E+02
1.852799403E+01  1.697065430E+02
1.854733203E+01  1.852991028E+02
1.856667003E+01  1.952640991E+02
1.858600803E+01  1.987000732E+02
1.860534603E+01  1.987066193E+02
1.862468403E+01  1.949058075E+02
1.864402203E+01  1.855188599E+02
1.866336003E+01  1.718622131E+02
1.868269803E+01  1.574332123E+02
1.870203603E+01  1.431600342E+02
1.872137403E+01  1.295286865E+02
1.874071203E+01  1.137763367E+02
1.876005003E+01  9.813767242E+01
1.877938803E+01  8.379606628E+01
1.879872603E+01  7.194657135E+01
1.881806403E+01  6.046496201E+01
1.883740203E+01  5.040058517E+01
1.885674003E+01  4.111499405E+01
1.887607803E+01  3.535519791E+01
1.889541603E+01  2.956031227E+01
1.891475403E+01  2.460716820E+01
1.893409203E+01  1.962280846E+01
1.895343003E+01  1.601610565E+01
1.897276803E+01  1.361741829E+01
1.899210603E+01  1.182385159E+01
1.901144403E+01  1.005153370E+01
1.903078203E+01  7.929098129E+00
1.905012003E+01  6.800251484E+00
1.906945803E+01  7.326189995E+00
1.908879603E+01  8.291514397E+00
1.910813403E+01  9.533673286E+00
1.912747203E+01  1.141501141E+01
1.914681003E+01  1.403114700E+01
1.916614803E+01  1.744169044E+01
1.918548603E+01  2.147944450E+01
1.920482403E+01  2.641728401E+01
1.922416203E+01  3.234693527E+01
1.924350003E+01  3.861318970E+01
1.926283803E+01  4.370172119E+01
1.928217603E+01  4.584272003E+01
1.930151403E+01  4.283732605E+01
1.932085203E+01  3.700378418E+01
1.934019003E+01  2.902241325E+01
1.935952803E+01  2.094002724E+01
1.937886603E+01  1.429405308E+01
1.939820403E+01  9.815799713E+00
1.941754203E+01  6.362215042E+00
1.943688003E+01  4.171623707E+00
1.945621803E+01  3.448570251E+00
1.947555603E+01  3.980152369E+00
1.949489403E+01  5.501134872E+00
1.951423203E+01  7.139873028E+00
1.953357003E+01  9.247414589E+00
1.955290803E+01  1.124686813E+01
1.957224603E+01  1.248386478E+01
1.959158403E+01  1.425573444E+01
1.961092203E+01  1.710142326E+01
1.963026003E+01  1.973557854E+01
1.964959803E+01  2.105037498E+01
1.966893603E+01  2.086869049E+01
1.968827403E+01  1.763575935E+01
1.970761203E+01  1.338596058E+01
1.972695003E+01  9.897005081E+00
1.974628803E+01  7.535870075E+00
1.976562603E+01  6.017471790E+00
1.978496403E+01  4.635254383E+00
1.980430203E+01  2.150103331E+00
1.982364003E+01  8.342926502E-01
1.984297803E+01  5.112754703E-01
1.986231603E+01  -7.986850739E-01
1.988165403E+01  -2.751565218E+00
1.990099203E+01  -2.582779646E+00
1.992033003E+01  -1.782842636E+00
1.993966803E+01  -1.349200487E+00
1.995900603E+01  -1.856423616E+00
1.997834403E+01  -1.226838231E+00
1.999768203E+01  2.078265250E-01
2.001702003E+01  2.291153431E+00
2.003635803E+01  3.030927420E+00
2.005569603E+01  3.147350550E+00
2.007503403E+01  2.638714790E+00
2.009437203E+01  1.530789733E+00
2.011371003E+01  3.914688528E-01
2.013304803E+01  -8.476990461E-01
2.015238603E+01  -1.032136798E+00
2.017172403E+01  -5.377802253E-01
2.019106203E+01  6.107250601E-02
2.021040003E+01  5.530393124E-01
2.022973803E+01  1.404593229E+00
2.024907603E+01  2.297780991E+00
2.026841403E+01  4.946627140E+00
2.028775203E+01  7.419520855E+00
2.030709003E+01  1.067986298E+01
2.032642803E+01  1.238928795E+01
2.034576603E+01  1.365888309E+01
2.036510403E+01  1.516075897E+01
2.038444203E+01  1.767407227E+01
2.040378003E+01  2.089275551E+01
2.042311803E+01  2.467161942E+01
2.044245603E+01  2.765159225E+01
2.046179403E+01  2.959699631E+01
2.048113203E+01  3.112187195E+01
2.050047003E+01  3.196084404E+01
2.051980803E+01  3.216724777E+01
2.053914603E+01  3.088656425E+01
2.055848403E+01  2.935678101E+01
2.057782203E+01  2.702253151E+01
2.059716003E+01  2.621869659E+01
2.061649803E+01  2.533933449E+01
2.063583603E+01  2.514164543E+01
2.065517403E+01  2.444604874E+01
2.067451203E+01  2.370648384E+01
2.069385003E+01  2.202836609E+01
2.071318803E+01  1.945703125E+01
2.073252603E+01  1.824983788E+01
2.075186403E+01  1.751837349E+01
2.077120203E+01  1.749140167E+01
2.079054003E+01  1.744234467E+01
2.080987803E+01  1.748506737E+01
2.082921603E+01  1.876003265E+01
2.084855403E+01  2.110044098E+01
2.086789203E+01  2.400280952E+01
2.088723003E+01  2.915822983E+01
2.090656803E+01  3.686263657E+01
2.092590603E+01  4.640342331E+01
2.094524403E+01  5.545309448E+01
2.096458203E+01  6.399995422E+01
2.098392003E+01  7.003498840E+01
2.100325803E+01  7.167197418E+01
2.102259603E+01  6.852176666E+01
2.104193403E+01  6.303604126E+01
2.106127203E+01  5.625130081E+01
2.108061003E+01  5.050044250E+01
2.109994803E+01  4.546183395E+01
2.111928603E+01  4.311608124E+01
2.113862403E+01  4.482490540E+01
2.115796203E+01  4.844929504E+01
2.117730003E+01  5.154007339E+01
2.119663803E+01  5.342821503E+01
2.121597603E+01  5.286914444E+01
2.123531403E+01  4.900563431E+01
2.125465203E+01  4.152976608E+01
2.127399003E+01  3.271543503E+01
2.129332803E+01  2.489550209E+01
2.131266603E+01  1.843006325E+01
2.133200403E+01  1.311062431E+01
2.135134203E+01  7.927436829E+00
2.137068003E+01  4.732825756E+00
2.139001803E+01  2.835307360E+00
2.140935603E+01  1.715898514E+00
2.142869403E+01  8.896891475E-01
2.144803203E+01  -1.043987393E+00
2.146737003E+01  -1.466983318E+00
2.148670803E+01  -1.136745572E+00
2.150604603E+01  4.595576525E-01
2.152538403E+01  1.722469091E+00
2.154472203E+01  3.305354118E+00
2.156406003E+01  5.118429184E+00
2.158339803E+01  6.154932022E+00
2.160273603E+01  7.063024044E+00
2.162207403E+01  9.632845879E+00
2.164141203E+01  1.249622822E+01
2.166075003E+01  1.705002785E+01
2.168008803E+01  2.206843185E+01
2.169942603E+01  2.708443260E+01
2.171876403E+01  3.144597054E+01
2.173810203E+01  3.666457367E+01
2.175744003E+01  4.257538223E+01
2.177677803E+01  4.796826172E+01
2.179611603E+01  5.308401489E+01
2.181545403E+01  5.724706650E+01
2.183479203E+01  6.067784500E+01
2.185413003E+01  6.506687164E+01
2.187346803E+01  6.749616241E+01
2.189280603E+01  6.746227264E+01
2.191214403E+01  6.588340759E+01
2.193148203E+01  6.403041840E+01
2.195082003E+01  6.074045944E+01
2.197015803E+01  5.578035736E+01
2.198949603E+01  5.009101486E+01
2.200883403E+01  4.603178787E+01
2.202817203E+01  4.230102158E+01
2.204751003E+01  3.880726242E+01
2.206684803E+01  3.380878067E+01
2.208618603E+01  3.014270020E+01
2.210552403E+01  2.737391853E+01
2.212486203E+01  2.523993874E+01
2.214420003E+01  2.337998199E+01
2.216353803E+01  2.260965729E+01
2.218287603E+01  2.203277206E+01
2.220221403E+01  2.225397301E+01
2.222155203E+01  2.197592354E+01
2.224089003E+01  2.096572495E+01
2.226022803E+01  1.940098953E+01
2.227956603E+01  1.833541489E+01
2.229890403E+01  1.806084633E+01
2.231824203E+01  1.785592651E+01
2.233758003E+01  1.799733543E+01
2.235691803E+01  1.794422913E+01
2.237625603E+01  1.769969749E+01
2.239559403E+01  1.808321762E+01
2.241493203E+01  1.992243004E+01
2.243427003E+01  2.249209976E+01
2.245360803E+01  2.604012680E+01
2.247294603E+01  3.072258759E+01
2.249228403E+01  3.513671112E+01
2.251162203E+01  3.848212051E+01
2.253096003E+01  4.066374588E+01
2.255029803E+01  4.171369934E+01
2.256963603E+01  4.324402237E+01
2.258897403E+01  4.590044022E+01
2.260831203E+01  4.963480759E+01
2.262765003E+01  5.504727936E+01
2.264698803E+01  6.168097687E+01
2.266632603E+01  7.009464264E+01
2.268566403E+01  7.823956299E+01
2.270500203E+01  8.463330841E+01
2.272434003E+01  8.000019836E+01
2.274367803E+01  7.581407166E+01
2.276301603E+01  7.936183929E+01
2.278235403E+01  9.511643982E+01
2.280169203E+01  1.099603348E+02
2.282103003E+01  1.202375259E+02
2.284036803E+01  1.292432861E+02
2.285970603E+01  1.462446594E+02
2.287904403E+01  1.764342651E+02
2.289838203E+01  2.259274902E+02
2.291772003E+01  2.515110016E+02
2.293705803E+01  2.323236389E+02
2.295639603E+01  2.166582642E+02
2.297573403E+01  1.960174408E+02
2.299507203E+01  1.792900696E+02
2.301441003E+01  1.579733429E+02
2.303374803E+01  1.320234985E+02
2.305308603E+01  1.106056671E+02
2.307242403E+01  9.757440186E+01
2.309176203E+01  8.760298157E+01
2.311110003E+01  5.556399918E+01
2.313043803E+01  2.633359528E+01
2.314977603E+01  1.520842934E+01
2.316911403E+01  9.803144455E+00
2.318845203E+01  7.680374146E+00
2.320779003E+01  6.504065514E+00
2.322712803E+01  7.041798115E+00
2.324646603E+01  6.685169220E+00
2.326580403E+01  4.926115513E+00
2.328514203E+01  2.818336248E+00
2.330448003E+01  3.056399822E+00
2.332381803E+01  3.472201347E+00
2.334315603E+01  2.900565863E+00
2.336249403E+01  1.501757979E+00
2.338183203E+01  6.170749068E-01
2.340117003E+01  -1.133556068E-01
2.342050803E+01  -2.703495920E-01
2.343984603E+01  -4.289810061E-01
2.345918403E+01  -2.130242884E-01
2.347852203E+01  -2.778633833E-01
2.349786003E+01  1.193903804E+00
2.351719803E+01  2.272129297E+00
2.353653603E+01  2.533144712E+00
2.355587403E+01  2.021310329E+00
2.357521203E+01  2.413199425E+00
2.359455003E+01  3.027122736E+00
2.361388803E+01  2.778205395E+00
2.363322603E+01  1.347335339E+00
2.365256403E+01  9.625344872E-01
2.367190203E+01  1.748325825E+00
2.369124003E+01  1.762965679E+00
2.371057803E+01  1.482697129E+00
2.372991603E+01  1.128411293E+00
2.374925403E+01  1.603758335E+00
2.376859203E+01  2.282501459E+00
2.378793003E+01  3.137424231E+00
2.380726803E+01  3.643651009E+00
2.382660603E+01  3.397910118E+00
2.384594403E+01  2.402837038E+00
2.386528203E+01  1.699053645E+00
2.388462003E+01  1.675349712E+00
2.390395803E+01  2.569659948E+00
2.392329603E+01  2.745186567E+00
2.394263403E+01  4.545747280E+00
2.396197203E+01  4.735104084E+00
2.398131003E+01  5.050555229E+00
2.400064803E+01  3.147634506E+00
2.401998603E+01  2.095839024E+00
2.403932403E+01  1.111784577E+00
2.405866203E+01  1.222777963E+00
2.407800003E+01  1.619722486E+00
2.409733803E+01  1.458874464E+00
2.411667603E+01  9.560816288E-01
2.413601403E+01  -9.141214490E-01
2.415535203E+01  -1.783992648E+00
2.417469003E+01  -1.309209466E+00
2.419402803E+01  4.569849968E-01
2.421336603E+01  5.719590783E-01
2.423270403E+01  -6.280953884E-01
2.425204203E+01  -1.232998610E+00
2.427138003E+01  -3.899312913E-01
2.429071803E+01  1.603084803E-01
2.431005603E+01  9.982212782E-01
2.432939403E+01  2.146088123E+00
2.434873203E+01  5.014135838E+00
2.436807003E+01  8.178489685E+00
2.438740803E+01  1.139765263E+01
2.440674603E+01  1.495368671E+01
2.442608403E+01  1.772496986E+01
2.444542203E+01  2.071158028E+01
2.446476003E+01  2.195314789E+01
2.448409803E+01  2.229691124E+01
2.450343603E+01  2.049733162E+01
2.452277403E+01  1.819985580E+01
2.454211203E+01  1.504295921E+01
2.456145003E+01  1.153852463E+01
2.458078803E+01  9.182794571E+00
2.460012603E+01  7.540848255E+00
2.461946403E+01  6.264298916E+00
2.463880203E+01  5.623517990E+00
2.465814003E+01  5.172307968E+00
2.467747803E+01  5.752175331E+00
2.469681603E+01  4.559465408E+00
2.471615403E+01  4.145120144E+00
2.473549203E+01  4.269778728E+00
2.475483003E+01  5.557464600E+00
2.477416803E+01  6.211648464E+00
2.479350603E+01  7.015371323E+00
2.481284403E+01  7.429631233E+00
2.483218203E+01  7.106936932E+00
2.485152003E+01  6.368109226E+00
2.487085803E+01  4.927628994E+00
2.489019603E+01  3.735673904E+00
2.490953403E+01  4.217746258E+00
2.492887203E+01  6.416883945E+00
2.494821003E+01  8.614024162E+00
2.496754803E+01  8.567747116E+00
2.498688603E+01  7.810669899E+00
2.500622403E+01  6.035916805E+00
2.502556203E+01  6.863724232E+00
2.504490003E+01  7.661268234E+00
2.506423803E+01  7.559264183E+00
2.508357603E+01  6.328680515E+00
2.510291403E+01  5.097169876E+00
2.512225203E+01  4.818186283E+00
2.514159003E+01  4.265618801E+00
2.516092803E+01  3.734717607E+00
2.518026603E+01  2.472762585E+00
2.519960403E+01  2.374499083E+00
2.521894203E+01  1.629722834E+00
2.523828003E+01  1.024673939E+00
2.525761803E+01  1.428244591E+00
2.527695603E+01  1.183827043E+00
2.529629403E+01  1.398133397E+00
2.531563203E+01  1.099401236E+00
2.533497003E+01  1.421843290E+00
2.535430803E+01  4.730808735E-01
2.537364603E+01  -7.831642032E-01
2.539298403E+01  -1.286589384E+00
2.541232203E+01  4.701539278E-01
2.543166003E+01  2.828179836E+00
2.545099803E+01  4.016813278E+00
2.547033603E+01  3.964625359E+00
2.548967403E+01  4.795039654E+00
2.550901203E+01  4.647989273E+00
2.552835003E+01  4.469099998E+00
2.554768803E+01  3.976732731E+00
2.556702603E+01  4.780513763E+00
2.558636403E+01  5.437120438E+00
2.560570203E+01  5.088098049E+00
2.562504003E+01  5.109396935E+00
2.564437803E+01  4.729533195E+00
2.566371603E+01  5.198779583E+00
2.568305403E+01  5.125954628E+00
2.570239203E+01  4.424711704E+00
2.572173003E+01  2.792663336E+00
2.574106803E+01  1.522291303E+00
2.576040603E+01  2.350555897E+00
2.577974403E+01  4.691802979E+00
2.579908203E+01  6.408758640E+00
2.581842003E+01  7.272364616E+00
2.583775803E+01  5.824692726E+00
2.585709603E+01  6.365512371E+00
2.587643403E+01  7.400898457E+00
2.589577203E+01  1.024857426E+01
2.591511003E+01  1.142291832E+01
2.593444803E+01  1.377192497E+01
2.595378603E+01  1.526370049E+01
2.597312403E+01  1.688343239E+01
2.599246203E+01  1.886690903E+01
2.601180003E+01  2.210676193E+01
2.603113803E+01  2.296435928E+01
2.605047603E+01  2.410756874E+01
2.606981403E+01  2.757435036E+01
2.608915203E+01  3.230168915E+01
2.610849003E+01  3.967869568E+01
2.612782803E+01  4.809761810E+01
2.614716603E+01  5.649071503E+01
2.616650403E+01  6.350591660E+01
2.618584203E+01  6.812082672E+01
2.620518003E+01  7.048780823E+01
2.622451803E+01  6.931840515E+01
2.624385603E+01  6.702223206E+01
2.626319403E+01  6.516500854E+01
2.628253203E+01  6.321778107E+01
2.630187003E+01  6.047787476E+01
2.632120803E+01  5.704432297E+01
2.634054603E+01  5.449988174E+01
2.635988403E+01  5.372731400E+01
2.637922203E+01  5.461545563E+01
2.639856003E+01  5.692101288E+01
2.641789803E+01  6.180849457E+01
2.643723603E+01  6.701378632E+01
2.645657403E+01  7.209755707E+01
2.647591203E+01  8.038156891E+01
2.649525003E+01  9.106523132E+01
2.651458803E+01  9.561950684E+01
2.653392603E+01  9.817088318E+01
2.655326403E+01  9.461655426E+01
2.657260203E+01  8.581926727E+01
2.659194003E+01  7.640249634E+01
2.661127803E+01  6.717110443E+01
2.663061603E+01  5.554160309E+01
2.664995403E+01  5.206321716E+01
2.666929203E+01  4.988206863E+01
2.668863003E+01  5.245249176E+01
2.670796803E+01  5.295247269E+01
2.672730603E+01  5.367996979E+01
2.674664403E+01  4.314425659E+01
2.676598203E+01  3.263904190E+01
2.678532003E+01  3.909254837E+01
2.680465803E+01  4.575370026E+01
2.682399603E+01  5.393294525E+01
2.684333403E+01  6.058833694E+01
2.686267203E+01  7.480892944E+01
2.688201003E+01  9.478277588E+01
2.690134803E+01  1.231575775E+02
2.692068603E+01  1.485053406E+02
2.694002403E+01  1.664038544E+02
2.695936203E+01  1.643015289E+02
2.697870003E+01  1.504301300E+02
2.699803803E+01  1.289247742E+02
2.701737603E+01  1.062086868E+02
2.703671403E+01  8.596317291E+01
2.705605203E+01  6.497261047E+01
2.707539003E+01  5.111674118E+01
2.709472803E+01  4.075725937E+01
2.711406603E+01  2.859586906E+01
2.713340403E+01  1.538581467E+01
2.715274203E+01  6.550537586E+00
2.717208003E+01  -4.264315665E-01
2.719141803E+01  -4.210280180E-01
2.721075603E+01  1.794847488E+00
2.723009403E+01  6.224592686E+00
2.724943203E+01  3.654838562E+00
2.726877003E+01  1.993582249E+00
2.728810803E+01  1.958664179E+00
2.730744603E+01  5.118782997E+00
2.732678403E+01  2.010504150E+01
2.734612203E+01  3.219664383E+01
2.736546003E+01  3.919673920E+01
2.738479803E+01  4.049566650E+01
2.740413603E+01  3.757204056E+01
2.742347403E+01  4.041451645E+01
2.744281203E+01  4.297684860E+01
2.746215003E+01  4.482549667E+01
2.748148803E+01  4.681379318E+01
2.750082603E+01  4.987139130E+01
2.752016403E+01  5.278953171E+01
2.753950203E+01  5.324485397E+01
2.755884003E+01  5.446124268E+01
2.757817803E+01  5.503296280E+01
2.759751603E+01  5.383408356E+01
2.761685403E+01  5.382948685E+01
2.763619203E+01  5.553889465E+01
2.765553003E+01  5.701070023E+01
2.767486803E+01  5.683554840E+01
2.769420603E+01  5.399397278E+01
2.771354403E+01  5.276057434E+01
2.773288203E+01  5.066397858E+01
2.775222003E+01  5.036377716E+01
2.777155803E+01  4.847451401E+01
2.779089603E+01  4.647326660E+01
2.781023403E+01  4.428411102E+01
2.782957203E+01  4.174138260E+01
2.784891003E+01  4.081134796E+01
2.786824803E+01  3.941569901E+01
2.788758603E+01  3.789123917E+01
2.790692403E+01  3.632047272E+01
2.792626203E+01  3.832359314E+01
2.794560003E+01  4.006578064E+01
2.796493803E+01  4.294765472E+01
2.798427603E+01  4.200369263E+01
2.800361403E+01  4.187880707E+01
2.802295203E+01  4.408356857E+01
2.804229003E+01  4.536264420E+01
2.806162803E+01  4.871454239E+01
2.808096603E+01  5.255374527E+01
2.810030403E+01  6.087024307E+01
2.811964203E+01  7.124541473E+01
2.813898003E+01  7.115561676E+01
2.815831803E+01  7.098071289E+01
2.817765603E+01  6.980307770E+01
2.819699403E+01  6.772515869E+01
2.821633203E+01  5.447674179E+01
2.823567003E+01  4.056343460E+01
2.825500803E+01  3.307314301E+01
2.827434603E+01  2.519055367E+01
2.829368403E+01  1.860000992E+01
2.831302203E+01  1.955910492E+01
2.833236003E+01  2.531105804E+01
2.835169803E+01  2.965564346E+01
2.837103603E+01  2.947995758E+01
2.839037403E+01  2.972303009E+01
2.840971203E+01  3.003574753E+01
2.842905003E+01  3.056747246E+01
2.844838803E+01  2.955613899E+01
2.846772603E+01  2.749208450E+01
2.848706403E+01  2.438756561E+01
2.850640203E+01  2.528336716E+01
2.852574003E+01  2.632789421E+01
2.854507803E+01  2.529218102E+01
2.856441603E+01  2.450213432E+01
2.858375403E+01  2.576480293E+01
2.860309203E+01  2.730512047E+01
2.862243003E+01  2.687856865E+01
2.864176803E+01  2.692228508E+01
2.866110603E+01  2.715208626E+01
2.868044403E+01  2.656756973E+01
2.869978203E+01  2.684248543E+01
2.871912003E+01  2.888475800E+01
2.873845803E+01  3.198123932E+01
2.875779603E+01  3.397005463E+01
2.877713403E+01  3.305332565E+01
2.879647203E+01  3.421571732E+01
2.881581003E+01  3.660223770E+01
2.883514803E+01  3.876211166E+01
2.885448603E+01  4.172911453E+01
2.887382403E+01  4.256548309E+01
2.889316203E+01  4.273413849E+01
2.891250003E+01  4.128398895E+01
2.893183803E+01  3.796994400E+01
2.895117603E+01  3.589723206E+01
2.897051403E+01  3.350556946E+01
2.898985203E+01  3.416099548E+01
2.900919003E+01  3.394549561E+01
2.902852803E+01  3.278888702E+01
2.904786603E+01  2.813135529E+01
2.906720403E+01  2.164438057E+01
2.908654203E+01  1.792512131E+01
2.910588003E+01  1.941056824E+01
2.912521803E+01  2.204094315E+01
2.914455603E+01  2.188402367E+01
2.916389403E+01  1.949591446E+01
2.918323203E+01  1.649688911E+01
2.920257003E+01  1.512217426E+01
2.922190803E+01  1.475049877E+01
2.924124603E+01  1.655845833E+01
2.926058403E+01  1.327848721E+01
2.927992203E+01  9.947012901E+00
2.929926003E+01  1.153685474E+01
2.931859803E+01  1.348178959E+01
2.933793603E+01  1.225551224E+01
2.935727403E+01  9.580330849E+00
2.937661203E+01  9.158535957E+00
2.939595003E+01  1.370686245E+01
2.941528803E+01  1.936143684E+01
2.943462603E+01  2.242590141E+01
2.945396403E+01  2.757907486E+01
2.947330203E+01  2.976557732E+01
2.949264003E+01  3.013359833E+01
2.951197803E+01  2.979061127E+01
2.953131603E+01  2.852907181E+01
2.955065403E+01  2.771014404E+01
2.956999203E+01  2.877998161E+01
2.958933003E+01  2.797040939E+01
2.960866803E+01  2.482559586E+01
2.962800603E+01  2.060274124E+01
2.964734403E+01  2.089804840E+01
2.966668203E+01  1.651757050E+01
2.968602003E+01  9.496813774E+00
2.970535803E+01  1.355879903E+00
2.972469603E+01  1.117207885E+00
2.974403403E+01  1.085437536E+00
2.976337203E+01  6.088756084E+00
2.978271003E+01  7.987452984E+00
2.980204803E+01  -2.122808248E-01
2.982138603E+01  -3.413721323E+00
2.984072403E+01  1.323851824E+00
2.986006203E+01  4.092949390E+00
2.987940003E+01  9.122409225E-01
2.989873803E+01  -3.868072271E+00
2.991807602E+01  -3.158083439E+00
2.993741402E+01  1.143851995E+00
2.995675202E+01  1.087295115E-01
2.997609002E+01  2.893548012E+00
2.999542802E+01  -1.531219959E+00
