4.063170041E+00  2.164285421E+00
4.082508041E+00  9.574874878E+00
4.101846041E+00  1.047486877E+01
4.121184041E+00  5.140484333E+00
4.140522041E+00  1.101966619E+00
4.159860041E+00  -8.062090874E-01
4.179198041E+00  -4.168529809E-01
4.198536041E+00  -4.297806919E-01
4.217874041E+00  -2.010090590E+00
4.237212041E+00  -9.843349457E-01
4.256550041E+00  9.082046151E-01
4.275888041E+00  3.685312986E+00
4.295226041E+00  2.994479179E+00
4.314564041E+00  4.075565815E+00
4.333902041E+00  5.401060581E+00
4.353240041E+00  7.286170959E+00
4.372578041E+00  5.115889072E+00
4.391916041E+00  -1.369432449E+00
4.411254041E+00  -2.183306694E+00
4.430592041E+00  -8.548758030E-01
4.449930041E+00  -2.757183611E-01
4.469268041E+00  -2.105254173E+00
4.488606041E+00  -2.602485180E+00
4.507944041E+00  -1.848778129E+00
4.527282041E+00  4.793247700E+00
4.546620041E+00  1.333893394E+01
4.565958041E+00  3.168965530E+01
4.585296041E+00  5.431554413E+01
4.604634041E+00  7.365629578E+01
4.623972041E+00  7.963536072E+01
4.643310041E+00  7.210500336E+01
4.662648041E+00  5.484575653E+01
4.681986041E+00  3.920704269E+01
4.701324041E+00  2.768503952E+01
4.720662041E+00  1.728242302E+01
4.740000041E+00  1.046241951E+01
4.759338041E+00  6.325592041E+00
4.778676041E+00  5.926233768E+00
4.798014041E+00  4.327809334E+00
4.817352041E+00  4.770566940E+00
4.836690041E+00  9.531232834E+00
4.856028041E+00  1.744530678E+01
4.875366041E+00  3.292429352E+01
4.894704041E+00  5.248035049E+01
4.914042041E+00  6.507603455E+01
4.933380041E+00  6.868045807E+01
4.952718041E+00  6.268384933E+01
4.972056041E+00  4.892884445E+01
4.991394041E+00  3.395667267E+01
5.010732041E+00  2.080760956E+01
5.030070041E+00  1.438409519E+01
5.049408041E+00  8.739993095E+00
5.068746041E+00  7.175850391E+00
5.088084041E+00  4.866225243E+00
5.107422041E+00  4.273929596E+00
5.126760041E+00  3.616801262E+00
5.146098041E+00  4.594254494E+00
5.165436041E+00  8.109436989E+00
5.184774041E+00  5.257723331E+00
5.204112041E+00  8.632809639E+00
5.223450041E+00  8.480663300E+00
5.242788041E+00  1.617422295E+01
5.262126041E+00  2.037701416E+01
5.281464041E+00  2.379848671E+01
5.300802041E+00  2.681821442E+01
5.320140041E+00  3.221913910E+01
5.339478041E+00  4.109873962E+01
5.358816041E+00  5.115737152E+01
5.378154041E+00  6.320989609E+01
5.397492041E+00  7.476787567E+01
5.416830041E+00  8.029039001E+01
5.436168041E+00  8.271536255E+01
5.455506041E+00  8.359387970E+01
5.474844041E+00  8.045767212E+01
5.494182041E+00  8.005201721E+01
5.513520041E+00  7.851620483E+01
5.532858041E+00  7.995628357E+01
5.552196041E+00  7.917924500E+01
5.571534041E+00  7.410613251E+01
5.590872041E+00  6.454235840E+01
5.610210041E+00  5.620149994E+01
5.629548040E+00  5.259353256E+01
5.648886040E+00  4.680085754E+01
5.668224040E+00  3.920550919E+01
5.687562040E+00  3.453496933E+01
5.706900040E+00  3.186968803E+01
5.726238040E+00  2.907716560E+01
5.745576040E+00  2.433562279E+01
5.764914040E+00  2.161009789E+01
5.784252040E+00  1.820890045E+01
5.803590040E+00  1.584396839E+01
5.822928040E+00  1.444539452E+01
5.842266040E+00  1.293081093E+01
5.861604040E+00  1.475968266E+01
5.880942040E+00  2.566485596E+01
5.900280040E+00  3.750667572E+01
5.919618040E+00  4.853188705E+01
5.938956040E+00  5.220332336E+01
5.958294040E+00  4.999544144E+01
5.977632040E+00  4.152405167E+01
5.996970040E+00  3.223098373E+01
6.016308040E+00  2.430947685E+01
6.035646040E+00  1.992958832E+01
6.054984040E+00  1.649168587E+01
6.074322040E+00  1.447489738E+01
6.093660040E+00  1.574818230E+01
6.112998040E+00  2.235455704E+01
6.132336040E+00  3.107410049E+01
6.151674040E+00  3.891371155E+01
6.171012040E+00  4.596306610E+01
6.190350040E+00  5.431015015E+01
6.209688040E+00  5.733882141E+01
6.229026040E+00  5.555938339E+01
6.248364040E+00  5.569494247E+01
6.267702040E+00  5.519189453E+01
6.287040040E+00  5.103822708E+01
6.306378040E+00  4.614384079E+01
6.325716040E+00  3.898184967E+01
6.345054040E+00  3.110099602E+01
6.364392040E+00  2.002157211E+01
6.383730040E+00  1.241921616E+01
6.403068040E+00  8.084575653E+00
6.422406040E+00  6.120271683E+00
6.441744040E+00  2.593446970E+00
6.461082040E+00  -1.302659869E+00
6.480420040E+00  -3.139377832E+00
6.499758040E+00  -3.743848085E+00
6.519096040E+00  -1.601884484E+00
6.538434040E+00  -1.629481554E+00
6.557772040E+00  -1.907694459E+00
6.577110040E+00  -4.037631035E+00
6.596448040E+00  -4.389481544E+00
6.615786040E+00  -4.743874073E+00
6.635124040E+00  -4.619019508E+00
6.654462040E+00  -3.524848938E+00
6.673800040E+00  -8.895143270E-01
6.693138040E+00  -1.470120698E-01
6.712476040E+00  2.511206269E-01
6.731814040E+00  -1.407086134E+00
6.751152040E+00  -5.686137080E-01
6.770490040E+00  -2.867603600E-01
6.789828040E+00  1.704430819E+00
6.809166040E+00  1.693576694E+00
6.828504040E+00  8.845686316E-01
6.847842040E+00  1.219607115E+00
6.867180040E+00  1.566005588E+00
6.886518040E+00  3.259682178E+00
6.905856040E+00  3.858611584E+00
6.925194040E+00  4.948033333E+00
6.944532040E+00  4.255958557E+00
6.963870040E+00  3.645141363E+00
6.983208040E+00  2.969059706E+00
7.002546040E+00  3.865637302E+00
7.021884040E+00  4.741880417E+00
7.041222040E+00  3.210171223E+00
7.060560040E+00  3.491599560E+00
7.079898040E+00  2.405958414E+00
7.099236040E+00  1.842452168E+00
7.118574040E+00  8.075464368E-01
7.137912040E+00  1.619789839E+00
7.157250040E+00  1.720353484E+00
7.176588040E+00  3.109544039E+00
7.195926039E+00  4.219593525E+00
7.215264039E+00  6.146578312E+00
7.234602039E+00  3.781747103E+00
7.253940039E+00  2.444557428E+00
7.273278039E+00  2.087488890E+00
7.292616039E+00  -5.007036962E-03
7.311954039E+00  -7.616980672E-01
7.331292039E+00  -1.637096167E+00
7.350630039E+00  -1.925393194E-01
7.369968039E+00  -5.029560328E-01
7.389306039E+00  2.344649434E-01
7.408644039E+00  6.399458051E-01
7.427982039E+00  8.896192312E-01
7.447320039E+00  -5.220456719E-01
7.466658039E+00  -1.181680918E+00
7.485996039E+00  -8.573843241E-01
7.505334039E+00  -2.746787310E+00
7.524672039E+00  -5.609642506E+00
7.544010039E+00  -4.406758308E+00
7.563348039E+00  -2.053919077E+00
7.582686039E+00  1.248509765E+00
7.602024039E+00  3.427191734E+00
7.621362039E+00  6.289473057E+00
7.640700039E+00  8.631282806E+00
7.660038039E+00  1.209064770E+01
7.679376039E+00  1.460910988E+01
7.698714039E+00  1.592001247E+01
7.718052039E+00  1.459781170E+01
7.737390039E+00  1.222556400E+01
7.756728039E+00  1.062588692E+01
7.776066039E+00  1.045324993E+01
7.795404039E+00  9.351943016E+00
7.814742039E+00  1.023977470E+01
7.834080039E+00  1.091990089E+01
7.853418039E+00  1.697048569E+01
7.872756039E+00  2.891170502E+01
7.892094039E+00  4.747040558E+01
7.911432039E+00  7.601225281E+01
7.930770039E+00  1.166567383E+02
7.950108039E+00  1.625657501E+02
7.969446039E+00  2.049951172E+02
7.988784039E+00  2.272292175E+02
8.008122039E+00  2.299617767E+02
8.027460039E+00  2.152632446E+02
8.046798039E+00  1.888202972E+02
8.066136039E+00  1.605835114E+02
8.085474039E+00  1.382783966E+02
8.104812039E+00  1.213267899E+02
8.124150039E+00  1.080875931E+02
8.143488039E+00  9.799642181E+01
8.162826039E+00  8.819010925E+01
8.182164039E+00  7.704727936E+01
8.201502039E+00  6.859898376E+01
8.220840039E+00  6.316734314E+01
8.240178039E+00  5.950086212E+01
8.259516039E+00  5.528098297E+01
8.278854039E+00  5.205838776E+01
8.298192039E+00  4.677348709E+01
8.317530039E+00  4.006943512E+01
8.336868039E+00  2.964537239E+01
8.356206039E+00  2.053061676E+01
8.375544039E+00  1.279924297E+01
8.394882039E+00  9.744646072E+00
8.414220039E+00  5.797749043E+00
8.433558039E+00  2.683249950E+00
8.452896039E+00  9.759015590E-02
8.472234039E+00  -4.348479807E-01
8.491572039E+00  -4.621398747E-01
8.510910039E+00  -2.109952450E+00
8.530248039E+00  -1.234139442E+00
8.549586039E+00  -2.579076588E-01
8.568924039E+00  1.301776916E-01
8.588262039E+00  3.785284758E-01
8.607600039E+00  4.920914650E+00
8.626938039E+00  1.018451309E+01
8.646276039E+00  1.700640488E+01
8.665614039E+00  2.592018509E+01
8.684952039E+00  4.106172562E+01
8.704290039E+00  6.618844604E+01
8.723628039E+00  1.070775070E+02
8.742966039E+00  1.783036346E+02
8.762304038E+00  2.901172791E+02
8.781642038E+00  4.717835083E+02
8.800980038E+00  6.871691284E+02
8.820318038E+00  8.869738159E+02
8.839656038E+00  9.893248291E+02
8.858994038E+00  9.508968506E+02
8.878332038E+00  8.018239746E+02
8.897670038E+00  6.128202515E+02
8.917008038E+00  4.330112305E+02
8.936346038E+00  2.947235413E+02
8.955684038E+00  1.962626801E+02
8.975022038E+00  1.339473572E+02
8.994360038E+00  9.190099335E+01
9.013698038E+00  6.670731354E+01
9.033036038E+00  5.013797760E+01
9.052374038E+00  3.632881546E+01
9.071712038E+00  2.019193459E+01
9.091050038E+00  7.561005116E+00
9.110388038E+00  7.290120602E+00
9.129726038E+00  1.839540672E+01
9.149064038E+00  3.339633179E+01
9.168402038E+00  4.623806763E+01
9.187740038E+00  6.360448837E+01
9.207078038E+00  7.891742706E+01
9.226416038E+00  9.076515198E+01
9.245754038E+00  9.293654633E+01
9.265092038E+00  8.901144409E+01
9.284430038E+00  8.188407135E+01
9.303768038E+00  7.197665405E+01
9.323106038E+00  6.249066544E+01
9.342444038E+00  5.302985382E+01
9.361782038E+00  4.585099030E+01
9.381120038E+00  3.722494507E+01
9.400458038E+00  2.919060707E+01
9.419796038E+00  2.126873779E+01
9.439134038E+00  2.082892609E+01
9.458472038E+00  2.532835770E+01
9.477810038E+00  3.311235809E+01
9.497148038E+00  4.406941223E+01
9.516486038E+00  5.664435959E+01
9.535824038E+00  6.970803070E+01
9.555162038E+00  7.732553864E+01
9.574500038E+00  8.016939545E+01
9.593838038E+00  7.581391907E+01
9.613176038E+00  6.724308777E+01
9.632514038E+00  5.581094360E+01
9.651852038E+00  4.463616180E+01
9.671190038E+00  3.245581055E+01
9.690528038E+00  2.106918716E+01
9.709866038E+00  1.209955597E+01
9.729204038E+00  5.419927120E+00
9.748542038E+00  3.631578445E+00
9.767880038E+00  4.813816547E+00
9.787218038E+00  7.840876579E+00
9.806556038E+00  1.234140015E+01
9.825894038E+00  1.646675491E+01
9.845232038E+00  2.331193542E+01
9.864570038E+00  2.886430168E+01
9.883908038E+00  3.197868729E+01
9.903246038E+00  2.938154793E+01
9.922584038E+00  2.508699608E+01
9.941922038E+00  1.934211540E+01
9.961260038E+00  1.359449387E+01
9.980598038E+00  8.468559265E+00
9.999936038E+00  4.170120716E+00
1.001927404E+01  -3.666472733E-01
1.003861204E+01  -5.120065689E+00
1.005795004E+01  -8.662584305E+00
1.007728804E+01  -9.401005745E+00
1.009662604E+01  -1.053619862E+01
1.011596404E+01  -8.006933212E+00
1.013530204E+01  -7.965704441E+00
1.015464004E+01  -8.371744156E+00
1.017397804E+01  -8.956588745E+00
1.019331604E+01  -7.423535347E+00
1.021265404E+01  -5.945925713E+00
1.023199204E+01  -4.995024204E+00
1.025133004E+01  -5.830976009E+00
1.027066804E+01  -3.904659271E+00
1.029000604E+01  -3.701329827E-01
1.030934404E+01  5.839195728E+00
1.032868204E+01  1.223005676E+01
1.034802004E+01  1.859160423E+01
1.036735804E+01  2.792510223E+01
1.038669604E+01  4.319783401E+01
1.040603404E+01  6.226425171E+01
1.042537204E+01  8.569383240E+01
1.044471004E+01  1.090672531E+02
1.046404804E+01  1.314387512E+02
1.048338604E+01  1.465827484E+02
1.050272404E+01  1.639173584E+02
1.052206204E+01  1.793157654E+02
1.054140004E+01  1.988629303E+02
1.056073804E+01  2.133127441E+02
1.058007604E+01  2.233088226E+02
1.059941404E+01  2.300694733E+02
1.061875204E+01  2.350313110E+02
1.063809004E+01  2.384651337E+02
1.065742804E+01  2.429660339E+02
1.067676604E+01  2.464644012E+02
1.069610404E+01  2.498824158E+02
1.071544204E+01  2.524663239E+02
1.073478004E+01  2.566625671E+02
1.075411804E+01  2.575334473E+02
1.077345604E+01  2.577525330E+02
1.079279404E+01  2.531182251E+02
1.081213204E+01  2.478219147E+02
1.083147004E+01  2.388973236E+02
1.085080804E+01  2.302264862E+02
1.087014604E+01  2.203962555E+02
1.088948404E+01  2.067433777E+02
1.090882204E+01  1.967107544E+02
1.092816004E+01  1.837601929E+02
1.094749804E+01  1.731131744E+02
1.096683604E+01  1.620030060E+02
1.098617404E+01  1.514130859E+02
1.100551204E+01  1.433276520E+02
1.102485004E+01  1.358408661E+02
1.104418804E+01  1.266292191E+02
1.106352604E+01  1.188643646E+02
1.108286404E+01  1.106584320E+02
1.110220204E+01  1.049219131E+02
1.112154004E+01  1.019105301E+02
1.114087804E+01  1.033199539E+02
1.116021604E+01  1.051761780E+02
1.117955404E+01  1.088548126E+02
1.119889204E+01  1.154855957E+02
1.121823004E+01  1.248996658E+02
1.123756804E+01  1.388121796E+02
1.125690604E+01  1.558181763E+02
1.127624404E+01  1.773368835E+02
1.129558204E+01  2.057699127E+02
1.131492004E+01  2.419310150E+02
1.133425804E+01  2.855045166E+02
1.135359604E+01  3.410880432E+02
1.137293404E+01  4.106205750E+02
1.139227204E+01  4.953743286E+02
1.141161004E+01  6.002216187E+02
1.143094804E+01  7.210797729E+02
1.145028604E+01  8.413474731E+02
1.146962404E+01  9.437647095E+02
1.148896204E+01  1.008056213E+03
1.150830004E+01  1.017573608E+03
1.152763804E+01  9.714902954E+02
1.154697604E+01  8.827459717E+02
1.156631404E+01  7.719169922E+02
1.158565204E+01  6.528308716E+02
1.160499004E+01  5.418523560E+02
1.162432804E+01  4.427402344E+02
1.164366604E+01  3.582389526E+02
1.166300404E+01  2.881542053E+02
1.168234204E+01  2.304737549E+02
1.170168004E+01  1.842693329E+02
1.172101804E+01  1.467025757E+02
1.174035604E+01  1.144146423E+02
1.175969404E+01  8.699987793E+01
1.177903204E+01  6.533541870E+01
1.179837004E+01  4.957559967E+01
1.181770804E+01  3.803769302E+01
1.183704604E+01  3.046294785E+01
1.185638404E+01  2.376046944E+01
1.187572204E+01  2.069719505E+01
1.189506004E+01  1.680317497E+01
1.191439804E+01  1.591504288E+01
1.193373604E+01  1.692554092E+01
1.195307404E+01  2.043954086E+01
1.197241204E+01  2.382092094E+01
1.199175004E+01  2.575410843E+01
1.201108804E+01  2.914715576E+01
1.203042604E+01  3.316251373E+01
1.204976404E+01  3.376904297E+01
1.206910204E+01  3.413213730E+01
1.208844004E+01  3.521286774E+01
1.210777804E+01  3.907633209E+01
1.212711604E+01  3.990579224E+01
1.214645404E+01  4.196534729E+01
1.216579204E+01  4.454450226E+01
1.218513004E+01  5.180238724E+01
1.220446804E+01  5.922871017E+01
1.222380604E+01  6.758514404E+01
1.224314404E+01  7.676274872E+01
1.226248204E+01  8.579976654E+01
1.228182004E+01  9.659672546E+01
1.230115804E+01  1.086000061E+02
1.232049604E+01  1.218398972E+02
1.233983404E+01  1.358039246E+02
1.235917204E+01  1.473510742E+02
1.237851004E+01  1.649711151E+02
1.239784804E+01  1.781936951E+02
1.241718604E+01  1.916030884E+02
1.243652404E+01  1.980062103E+02
1.245586204E+01  2.022882690E+02
1.247520004E+01  1.968857117E+02
1.249453804E+01  1.881515808E+02
1.251387604E+01  1.749322815E+02
1.253321404E+01  1.595886536E+02
1.255255204E+01  1.431977844E+02
1.257189004E+01  1.278591690E+02
1.259122804E+01  1.141571198E+02
1.261056604E+01  1.022886200E+02
1.262990404E+01  9.296469879E+01
1.264924204E+01  8.420681000E+01
1.266858004E+01  7.480014801E+01
1.268791804E+01  6.542868042E+01
1.270725604E+01  5.872319031E+01
1.272659404E+01  5.496391296E+01
1.274593204E+01  5.043328857E+01
1.276527004E+01  4.634810257E+01
1.278460804E+01  4.040655136E+01
1.280394604E+01  3.857342148E+01
1.282328404E+01  4.285812378E+01
1.284262204E+01  4.954614639E+01
1.286196004E+01  5.793292236E+01
1.288129804E+01  6.475350952E+01
1.290063604E+01  7.585884857E+01
1.291997404E+01  8.823091125E+01
1.293931204E+01  1.041015625E+02
1.295865004E+01  1.260975952E+02
1.297798804E+01  1.574939117E+02
1.299732604E+01  2.000164490E+02
1.301666404E+01  2.557922363E+02
1.303600204E+01  3.276776123E+02
1.305534004E+01  4.067833252E+02
1.307467804E+01  4.866278992E+02
1.309401604E+01  5.565862427E+02
1.311335404E+01  6.062412720E+02
1.313269204E+01  6.343232422E+02
1.315203004E+01  6.457962646E+02
1.317136804E+01  6.467442017E+02
1.319070604E+01  6.465812988E+02
1.321004404E+01  6.438720093E+02
1.322938204E+01  6.441568604E+02
1.324872004E+01  6.391800537E+02
1.326805804E+01  6.253607178E+02
1.328739604E+01  6.065784912E+02
1.330673404E+01  5.808097534E+02
1.332607204E+01  5.505320435E+02
1.334541004E+01  5.142270508E+02
1.336474804E+01  4.755232544E+02
1.338408604E+01  4.373046875E+02
1.340342404E+01  3.998841858E+02
1.342276204E+01  3.667168274E+02
1.344210004E+01  3.389822693E+02
1.346143804E+01  3.108298950E+02
1.348077604E+01  2.864357605E+02
1.350011404E+01  2.636112061E+02
1.351945204E+01  2.451058502E+02
1.353879004E+01  2.316198425E+02
1.355812804E+01  2.224989929E+02
1.357746604E+01  2.147503357E+02
1.359680404E+01  2.055990906E+02
1.361614204E+01  2.014051971E+02
1.363548004E+01  2.016515350E+02
1.365481804E+01  2.068022156E+02
1.367415604E+01  2.123014984E+02
1.369349404E+01  2.221056671E+02
1.371283204E+01  2.364407349E+02
1.373217004E+01  2.571841736E+02
1.375150804E+01  2.818193970E+02
1.377084604E+01  2.969857178E+02
1.379018404E+01  3.070347900E+02
1.380952204E+01  2.949168701E+02
1.382886004E+01  2.751468811E+02
1.384819804E+01  2.808161316E+02
1.386753604E+01  2.920049133E+02
1.388687404E+01  2.540122223E+02
1.390621204E+01  1.795482330E+02
1.392555004E+01  8.393680573E+01
1.394488804E+01  4.226283264E+01
1.396422604E+01  1.369387722E+01
1.398356404E+01  -2.141222763E+01
1.400290204E+01  -3.829129791E+01
1.402224004E+01  2.344229126E+01
1.404157804E+01  6.163468933E+01
1.406091604E+01  2.772107544E+02
1.408025404E+01  7.939586792E+02
1.409959204E+01  7.893691406E+02
1.411893004E+01  6.479618530E+02
1.413826804E+01  4.438208618E+02
1.415760604E+01  2.548078003E+02
1.417694404E+01  1.948699799E+02
1.419628204E+01  4.254122314E+02
1.421562004E+01  4.551043091E+02
1.423495804E+01  3.787548218E+02
1.425429603E+01  3.220926819E+02
1.427363403E+01  2.752022705E+02
1.429297203E+01  2.420648651E+02
1.431231003E+01  2.171071472E+02
1.433164803E+01  1.974019165E+02
1.435098603E+01  1.816922913E+02
1.437032403E+01  1.691437988E+02
1.438966203E+01  1.584710999E+02
1.440900003E+01  1.499048004E+02
1.442833803E+01  1.411501007E+02
1.444767603E+01  1.334220123E+02
1.446701403E+01  1.260539322E+02
1.448635203E+01  1.221409454E+02
1.450569003E+01  1.197676010E+02
1.452502803E+01  1.174226608E+02
1.454436603E+01  1.151561203E+02
1.456370403E+01  1.118576965E+02
1.458304203E+01  1.071511383E+02
1.460238003E+01  9.961539459E+01
1.462171803E+01  9.232413483E+01
1.464105603E+01  8.768755341E+01
1.466039403E+01  8.675045776E+01
1.467973203E+01  8.341658783E+01
1.469907003E+01  7.891104889E+01
1.471840803E+01  7.314258575E+01
1.473774603E+01  7.112105560E+01
1.475708403E+01  6.954091644E+01
1.477642203E+01  6.898337555E+01
1.479576003E+01  6.953186798E+01
1.481509803E+01  6.965166473E+01
1.483443603E+01  6.816769409E+01
1.485377403E+01  6.258212662E+01
1.487311203E+01  5.651726532E+01
1.489245003E+01  5.252780914E+01
1.491178803E+01  5.666748047E+01
1.493112603E+01  6.213675690E+01
1.495046403E+01  6.529067230E+01
1.496980203E+01  6.497476959E+01
1.498914003E+01  6.273871613E+01
1.500847803E+01  5.988196564E+01
1.502781603E+01  5.808610535E+01
1.504715403E+01  5.923662186E+01
1.506649203E+01  6.238215256E+01
1.508583003E+01  6.835800934E+01
1.510516803E+01  7.142538452E+01
1.512450603E+01  7.504255676E+01
1.514384403E+01  7.966987610E+01
1.516318203E+01  8.509298706E+01
1.518252003E+01  8.794164276E+01
1.520185803E+01  9.256425476E+01
1.522119603E+01  9.655472565E+01
1.524053403E+01  9.610503387E+01
1.525987203E+01  9.362655640E+01
1.527921003E+01  8.825276947E+01
1.529854803E+01  7.959223175E+01
1.531788603E+01  6.730690765E+01
1.533722403E+01  5.420377350E+01
1.535656203E+01  4.338080978E+01
1.537590003E+01  3.375533676E+01
1.539523803E+01  2.628204727E+01
1.541457603E+01  1.984657860E+01
1.543391403E+01  1.673010445E+01
1.545325203E+01  1.293529320E+01
1.547259003E+01  9.639924049E+00
1.549192803E+01  7.605099678E+00
1.551126603E+01  5.691615582E+00
1.553060403E+01  3.871197224E+00
1.554994203E+01  4.535743222E-02
1.556928003E+01  -1.491705298E+00
1.558861803E+01  -3.205199957E+00
1.560795603E+01  -2.197666883E+00
1.562729403E+01  -3.072740793E+00
1.564663203E+01  -3.500820637E+00
1.566597003E+01  -2.525707006E+00
1.568530803E+01  -5.243144035E-01
1.570464603E+01  3.848828673E-01
1.572398403E+01  1.284723282E+00
1.574332203E+01  2.073616743E+00
1.576266003E+01  2.086149931E+00
1.578199803E+01  3.018866539E+00
1.580133603E+01  5.720304489E+00
1.582067403E+01  1.024714565E+01
1.584001203E+01  1.751802254E+01
1.585935003E+01  2.567606163E+01
1.587868803E+01  3.630176926E+01
1.589802603E+01  5.200970840E+01
1.591736403E+01  6.282544327E+01
1.593670203E+01  8.101414490E+01
1.595604003E+01  9.590652466E+01
1.597537803E+01  1.085858002E+02
1.599471603E+01  1.120396118E+02
1.601405403E+01  1.133449936E+02
1.603339203E+01  1.160815048E+02
1.605273003E+01  1.181146545E+02
1.607206803E+01  1.180822067E+02
1.609140603E+01  1.304186096E+02
1.611074403E+01  1.334484558E+02
1.613008203E+01  1.359956360E+02
1.614942003E+01  1.397500305E+02
1.616875803E+01  1.579080811E+02
1.618809603E+01  1.796943207E+02
1.620743403E+01  2.385219574E+02
1.622677203E+01  3.015314636E+02
1.624611003E+01  3.831262512E+02
1.626544803E+01  4.718800659E+02
1.628478603E+01  5.353660278E+02
1.630412403E+01  5.844532471E+02
1.632346203E+01  5.776038818E+02
1.634280003E+01  5.385891724E+02
1.636213803E+01  4.485051270E+02
1.638147603E+01  3.611601257E+02
1.640081403E+01  2.790303955E+02
1.642015203E+01  2.339785004E+02
1.643949003E+01  2.027082214E+02
1.645882803E+01  1.669432373E+02
1.647816603E+01  1.151973495E+02
1.649750403E+01  7.200328827E+01
1.651684203E+01  4.641365814E+01
1.653618003E+01  2.667234612E+01
1.655551803E+01  2.008655930E+01
1.657485603E+01  1.659813309E+01
1.659419403E+01  1.438631153E+01
1.661353203E+01  1.095197010E+01
1.663287003E+01  1.066718006E+01
1.665220803E+01  1.213239098E+01
1.667154603E+01  1.386612511E+01
1.669088403E+01  1.546709156E+01
1.671022203E+01  1.995550156E+01
1.672956003E+01  2.500914955E+01
1.674889803E+01  3.226591492E+01
1.676823603E+01  4.187504196E+01
1.678757403E+01  5.422441483E+01
1.680691203E+01  7.100945282E+01
1.682625003E+01  9.226725006E+01
1.684558803E+01  1.206473923E+02
1.686492603E+01  1.567849426E+02
1.688426403E+01  2.015353699E+02
1.690360203E+01  2.536427612E+02
1.692294003E+01  3.136658020E+02
1.694227803E+01  3.794058838E+02
1.696161603E+01  4.399889526E+02
1.698095403E+01  4.918457642E+02
1.700029203E+01  5.282062378E+02
1.701963003E+01  5.457947388E+02
1.703896803E+01  5.384896851E+02
1.705830603E+01  5.144833984E+02
1.707764403E+01  4.762367249E+02
1.709698203E+01  4.305956116E+02
1.711632003E+01  3.800406494E+02
1.713565803E+01  3.280267944E+02
1.715499603E+01  2.779676514E+02
1.717433403E+01  2.343801422E+02
1.719367203E+01  1.937704620E+02
1.721301003E+01  1.588341980E+02
1.723234803E+01  1.304007721E+02
1.725168603E+01  1.061947556E+02
1.727102403E+01  8.503851318E+01
1.729036203E+01  6.656186676E+01
1.730970003E+01  5.293850708E+01
1.732903803E+01  4.126485825E+01
1.734837603E+01  2.976566505E+01
1.736771403E+01  1.835088730E+01
1.738705203E+01  1.013180637E+01
1.740639003E+01  3.604639292E+00
1.742572803E+01  -1.221297979E+00
1.744506603E+01  -7.272797108E+00
1.746440403E+01  -1.376017094E+01
1.748374203E+01  -1.425805759E+01
1.750308003E+01  -9.255718231E+00
1.752241803E+01  -2.929246187E+00
1.754175603E+01  2.216338396E+00
1.756109403E+01  4.806807518E+00
1.758043203E+01  1.203964233E+01
1.759977003E+01  2.133686256E+01
1.761910803E+01  3.794927597E+01
1.763844603E+01  5.825431442E+01
1.765778403E+01  8.123652649E+01
1.767712203E+01  1.061669769E+02
1.769646003E+01  1.299253082E+02
1.771579803E+01  1.465880890E+02
1.773513603E+01  1.569893341E+02
1.775447403E+01  1.569832458E+02
1.777381203E+01  1.513789978E+02
1.779315003E+01  1.407458954E+02
1.781248803E+01  1.250368805E+02
1.783182603E+01  1.109860611E+02
1.785116403E+01  9.923094177E+01
1.787050203E+01  9.337690735E+01
1.788984003E+01  9.013538361E+01
1.790917803E+01  9.056114197E+01
1.792851603E+01  9.291019440E+01
1.794785403E+01  9.972938538E+01
1.796719203E+01  1.077267456E+02
1.798653003E+01  1.188920898E+02
1.800586803E+01  1.316051636E+02
1.802520603E+01  1.476436615E+02
1.804454403E+01  1.687438202E+02
1.806388203E+01  1.943581848E+02
1.808322003E+01  2.201013794E+02
1.810255803E+01  2.456598206E+02
1.812189603E+01  2.683959045E+02
1.814123403E+01  2.870880432E+02
1.816057203E+01  2.962728577E+02
1.817991003E+01  3.004723206E+02
1.819924803E+01  2.961797485E+02
1.821858603E+01  2.889240723E+02
1.823792403E+01  2.742890320E+02
1.825726203E+01  2.531510620E+02
1.827660003E+01  2.332248230E+02
1.829593803E+01  2.167327576E+02
1.831527603E+01  1.991422577E+02
1.833461403E+01  1.830085602E+02
1.835395203E+01  1.649038391E+02
1.837329003E+01  1.532712250E+02
1.839262803E+01  1.421765594E+02
1.841196603E+01  1.349501953E+02
1.843130403E+01  1.289020538E+02
1.845064203E+01  1.258151093E+02
1.846998003E+01  1.240668716E+02
1.848931803E+01  1.241883011E+02
1.850865603E+01  1.304020844E+02
1.852799403E+01  1.397833252E+02
1.854733203E+01  1.501176300E+02
1.856667003E+01  1.609734192E+02
1.858600803E+01  1.739494934E+02
1.860534603E+01  1.897323761E+02
1.862468403E+01  2.063172760E+02
1.864402203E+01  2.247095032E+02
1.866336003E+01  2.442825928E+02
1.868269803E+01  2.645823364E+02
1.870203603E+01  2.843193359E+02
1.872137403E+01  3.007979126E+02
1.874071203E+01  3.154793701E+02
1.876005003E+01  3.255277710E+02
1.877938803E+01  3.306360779E+02
1.879872603E+01  3.272798157E+02
1.881806403E+01  3.206102600E+02
1.883740203E+01  3.076729126E+02
1.885674003E+01  2.882034607E+02
1.887607803E+01  2.665619202E+02
1.889541603E+01  2.438384552E+02
1.891475403E+01  2.218149567E+02
1.893409203E+01  2.004106598E+02
1.895343003E+01  1.795650177E+02
1.897276803E+01  1.581423492E+02
1.899210603E+01  1.375740662E+02
1.901144403E+01  1.210382843E+02
1.903078203E+01  1.074579468E+02
1.905012003E+01  9.450659943E+01
1.906945803E+01  8.330794525E+01
1.908879603E+01  7.386791992E+01
1.910813403E+01  6.694948578E+01
1.912747203E+01  6.022374725E+01
1.914681003E+01  5.398894501E+01
1.916614803E+01  4.973028946E+01
1.918548603E+01  4.953012466E+01
1.920482403E+01  5.005131149E+01
1.922416203E+01  5.428749847E+01
1.924350003E+01  6.142639923E+01
1.926283803E+01  6.988543701E+01
1.928217603E+01  8.007007599E+01
1.930151403E+01  9.185351562E+01
1.932085203E+01  1.043306580E+02
1.934019003E+01  1.146947861E+02
1.935952803E+01  1.225781403E+02
1.937886603E+01  1.277040558E+02
1.939820403E+01  1.274328384E+02
1.941754203E+01  1.208215866E+02
1.943688003E+01  1.102765503E+02
1.945621803E+01  9.811515045E+01
1.947555603E+01  8.354935455E+01
1.949489403E+01  7.039494324E+01
1.951423203E+01  5.769038391E+01
1.953357003E+01  4.793391418E+01
1.955290803E+01  3.876542282E+01
1.957224603E+01  3.093202972E+01
1.959158403E+01  2.477709579E+01
1.961092203E+01  2.167139435E+01
1.963026003E+01  1.961588669E+01
1.964959803E+01  1.855496025E+01
1.966893603E+01  1.959688759E+01
1.968827403E+01  2.100211716E+01
1.970761203E+01  2.115641212E+01
1.972695003E+01  2.159136772E+01
1.974628803E+01  2.251102257E+01
1.976562603E+01  2.435850716E+01
1.978496403E+01  2.361610031E+01
1.980430203E+01  2.141851044E+01
1.982364003E+01  1.803334427E+01
1.984297803E+01  1.511330795E+01
1.986231603E+01  1.304508400E+01
1.988165403E+01  9.901723862E+00
1.990099203E+01  6.563745022E+00
1.992033003E+01  4.661270142E+00
1.993966803E+01  3.119191885E+00
1.995900603E+01  4.489235580E-01
1.997834403E+01  -2.162246943E+00
1.999768203E+01  -4.010579109E+00
2.001702003E+01  -4.190335274E+00
2.003635803E+01  -5.061550617E+00
2.005569603E+01  -6.269081116E+00
2.007503403E+01  -7.960373402E+00
2.009437203E+01  -8.573554993E+00
2.011371003E+01  -9.624297142E+00
2.013304803E+01  -1.018042946E+01
2.015238603E+01  -8.812374115E+00
2.017172403E+01  -6.904679298E+00
2.019106203E+01  -7.707039356E+00
2.021040003E+01  -7.546946526E+00
2.022973803E+01  -7.617533684E+00
2.024907603E+01  -6.517371178E+00
2.026841403E+01  -5.451642990E+00
2.028775203E+01  -4.529997826E+00
2.030709003E+01  -3.662061930E+00
2.032642803E+01  -2.391670465E+00
2.034576603E+01  6.797480583E-02
2.036510403E+01  3.190501928E+00
2.038444203E+01  5.308973789E+00
2.040378003E+01  8.535561562E+00
2.042311803E+01  1.259259701E+01
2.044245603E+01  1.784454918E+01
2.046179403E+01  2.274577904E+01
2.048113203E+01  2.535639572E+01
2.050047003E+01  2.812985802E+01
2.051980803E+01  3.276624298E+01
2.053914603E+01  3.677180481E+01
2.055848403E+01  4.206151581E+01
2.057782203E+01  4.681256866E+01
2.059716003E+01  5.083206177E+01
2.061649803E+01  5.195981979E+01
2.063583603E+01  5.617580032E+01
2.065517403E+01  6.013746643E+01
2.067451203E+01  6.192243576E+01
2.069385003E+01  6.258049011E+01
2.071318803E+01  6.172122192E+01
2.073252603E+01  6.110922241E+01
2.075186403E+01  6.318290329E+01
2.077120203E+01  6.541165924E+01
2.079054003E+01  6.569453430E+01
2.080987803E+01  6.564026642E+01
2.082921603E+01  6.641908264E+01
2.084855403E+01  6.779125977E+01
2.086789203E+01  6.795696259E+01
2.088723003E+01  6.990026093E+01
2.090656803E+01  7.429998779E+01
2.092590603E+01  7.864157867E+01
2.094524403E+01  8.136474609E+01
2.096458203E+01  8.579538727E+01
2.098392003E+01  9.241632080E+01
2.100325803E+01  9.922519684E+01
2.102259603E+01  1.047408371E+02
2.104193403E+01  1.113301620E+02
2.106127203E+01  1.189198303E+02
2.108061003E+01  1.238182602E+02
2.109994803E+01  1.242610779E+02
2.111928603E+01  1.262086716E+02
2.113862403E+01  1.307585907E+02
2.115796203E+01  1.344240570E+02
2.117730003E+01  1.375596008E+02
2.119663803E+01  1.405684357E+02
2.121597603E+01  1.449284973E+02
2.123531403E+01  1.495558167E+02
2.125465203E+01  1.542116547E+02
2.127399003E+01  1.578773956E+02
2.129332803E+01  1.624598846E+02
2.131266603E+01  1.633190765E+02
2.133200403E+01  1.600582581E+02
2.135134203E+01  1.509293976E+02
2.137068003E+01  1.400457001E+02
2.139001803E+01  1.263594513E+02
2.140935603E+01  1.106256714E+02
2.142869403E+01  9.300605011E+01
2.144803203E+01  7.595475006E+01
2.146737003E+01  6.164881516E+01
2.148670803E+01  4.866101074E+01
2.150604603E+01  3.646937561E+01
2.152538403E+01  2.626384735E+01
2.154472203E+01  1.810008430E+01
2.156406003E+01  1.159014416E+01
2.158339803E+01  5.476215839E+00
2.160273603E+01  6.159790158E-01
2.162207403E+01  -3.258603811E+00
2.164141203E+01  -5.266623974E+00
2.166075003E+01  -4.026904583E+00
2.168008803E+01  2.136439562E+00
2.169942603E+01  6.551914215E+00
2.171876403E+01  9.693082809E+00
2.173810203E+01  1.219981003E+01
2.175744003E+01  1.705356026E+01
2.177677803E+01  2.293140030E+01
2.179611603E+01  2.817695808E+01
2.181545403E+01  3.533777237E+01
2.183479203E+01  4.353077316E+01
2.185413003E+01  5.306851578E+01
2.187346803E+01  6.451213837E+01
2.189280603E+01  7.642165375E+01
2.191214403E+01  8.595500183E+01
2.193148203E+01  9.565351868E+01
2.195082003E+01  1.071325760E+02
2.197015803E+01  1.182317276E+02
2.198949603E+01  1.275362244E+02
2.200883403E+01  1.376338043E+02
2.202817203E+01  1.469518738E+02
2.204751003E+01  1.523561554E+02
2.206684803E+01  1.533149567E+02
2.208618603E+01  1.541936493E+02
2.210552403E+01  1.544701691E+02
2.212486203E+01  1.537810059E+02
2.214420003E+01  1.500383301E+02
2.216353803E+01  1.434499664E+02
2.218287603E+01  1.350666504E+02
2.220221403E+01  1.292411041E+02
2.222155203E+01  1.209508438E+02
2.224089003E+01  1.112828293E+02
2.226022803E+01  9.923712921E+01
2.227956603E+01  9.019541168E+01
2.229890403E+01  8.267536163E+01
2.231824203E+01  7.710827637E+01
2.233758003E+01  7.041712952E+01
2.235691803E+01  6.496119690E+01
2.237625603E+01  5.952015305E+01
2.239559403E+01  5.542202377E+01
2.241493203E+01  5.343328094E+01
2.243427003E+01  5.153985977E+01
2.245360803E+01  4.866030121E+01
2.247294603E+01  4.742501831E+01
2.249228403E+01  4.693972397E+01
2.251162203E+01  4.734355164E+01
2.253096003E+01  5.052410889E+01
2.255029803E+01  5.514995575E+01
2.256963603E+01  6.074995041E+01
2.258897403E+01  6.974130249E+01
2.260831203E+01  7.757144928E+01
2.262765003E+01  8.621383667E+01
2.264698803E+01  9.664822388E+01
2.266632603E+01  1.012607422E+02
2.268566403E+01  1.028437195E+02
2.270500203E+01  1.044305725E+02
2.272434003E+01  1.056059113E+02
2.274367803E+01  1.094899063E+02
2.276301603E+01  1.145810165E+02
2.278235403E+01  1.227845993E+02
2.280169203E+01  1.336196899E+02
2.282103003E+01  1.413261414E+02
2.284036803E+01  1.384352264E+02
2.285970603E+01  1.388660431E+02
2.287904403E+01  1.352341156E+02
2.289838203E+01  1.335757904E+02
2.291772003E+01  1.397153625E+02
2.293705803E+01  1.539575043E+02
2.295639603E+01  1.424983978E+02
2.297573403E+01  1.400719452E+02
2.299507203E+01  1.562091064E+02
2.301441003E+01  1.740157013E+02
2.303374803E+01  1.914196777E+02
2.305308603E+01  2.165918732E+02
2.307242403E+01  2.623585510E+02
2.309176203E+01  3.426017456E+02
2.311110003E+01  4.218114319E+02
2.313043803E+01  5.442066650E+02
2.314977603E+01  6.517629395E+02
2.316911403E+01  7.431495361E+02
2.318845203E+01  6.571015625E+02
2.320779003E+01  4.124221497E+02
2.322712803E+01  2.710327759E+02
2.324646603E+01  2.031652069E+02
2.326580403E+01  1.420821381E+02
2.328514203E+01  1.127985001E+02
2.330448003E+01  9.754108429E+01
2.332381803E+01  8.303523254E+01
2.334315603E+01  6.087784195E+01
2.336249403E+01  4.604229355E+01
2.338183203E+01  3.968458176E+01
2.340117003E+01  3.747634506E+01
2.342050803E+01  3.280310440E+01
2.343984603E+01  2.598326874E+01
2.345918403E+01  2.037849045E+01
2.347852203E+01  1.553770733E+01
2.349786003E+01  1.375525951E+01
2.351719803E+01  1.089999390E+01
2.353653603E+01  7.861556530E+00
2.355587403E+01  7.399517059E+00
2.357521203E+01  6.980043411E+00
2.359455003E+01  3.590114355E+00
2.361388803E+01  -5.273718834E-01
2.363322603E+01  -2.409237146E+00
2.365256403E+01  -9.630872011E-01
2.367190203E+01  1.351294994E+00
2.369124003E+01  2.558326960E+00
2.371057803E+01  2.769900560E+00
2.372991603E+01  2.984698772E+00
2.374925403E+01  4.015442848E+00
2.376859203E+01  5.403688431E+00
2.378793003E+01  5.089013577E+00
2.380726803E+01  4.678796291E+00
2.382660603E+01  4.867156506E+00
2.384594403E+01  4.395164490E+00
2.386528203E+01  5.922173500E+00
2.388462003E+01  7.987004757E+00
2.390395803E+01  1.063001251E+01
2.392329603E+01  1.091456985E+01
2.394263403E+01  1.224444962E+01
2.396197203E+01  1.244462872E+01
2.398131003E+01  1.241193008E+01
2.400064803E+01  1.048585892E+01
2.401998603E+01  1.173059464E+01
2.403932403E+01  1.160050488E+01
2.405866203E+01  1.031661606E+01
2.407800003E+01  9.205232620E+00
2.409733803E+01  8.708427429E+00
2.411667603E+01  8.114270210E+00
2.413601403E+01  6.414978981E+00
2.415535203E+01  6.094266415E+00
2.417469003E+01  5.077536583E+00
2.419402803E+01  5.090281487E+00
2.421336603E+01  4.137080193E+00
2.423270403E+01  1.447154403E+00
2.425204203E+01  -1.804685473E+00
2.427138003E+01  -2.139889240E+00
2.429071803E+01  -2.554489851E+00
2.431005603E+01  -3.405089617E+00
2.432939403E+01  -5.595632076E+00
2.434873203E+01  -3.467294693E+00
2.436807003E+01  -1.907378078E+00
2.438740803E+01  -3.478213549E+00
2.440674603E+01  -3.938649654E+00
2.442608403E+01  -3.328526020E+00
2.444542203E+01  -1.038743138E+00
2.446476003E+01  -4.216156602E-01
2.448409803E+01  1.995502949E+00
2.450343603E+01  4.762905121E+00
2.452277403E+01  1.023777485E+01
2.454211203E+01  1.425459862E+01
2.456145003E+01  1.854288483E+01
2.458078803E+01  2.196666527E+01
2.460012603E+01  2.744369125E+01
2.461946403E+01  3.428965378E+01
2.463880203E+01  3.755657959E+01
2.465814003E+01  3.834409332E+01
2.467747803E+01  3.759874344E+01
2.469681603E+01  3.785910416E+01
2.471615403E+01  3.734613037E+01
2.473549203E+01  3.804881287E+01
2.475483003E+01  3.534555435E+01
2.477416803E+01  3.403978348E+01
2.479350603E+01  3.526083374E+01
2.481284403E+01  3.416756821E+01
2.483218203E+01  3.070374680E+01
2.485152003E+01  2.705113411E+01
2.487085803E+01  2.395372581E+01
2.489019603E+01  1.921824074E+01
2.490953403E+01  1.670165443E+01
2.492887203E+01  1.846476746E+01
2.494821003E+01  2.008568192E+01
2.496754803E+01  1.776575279E+01
2.498688603E+01  1.443212128E+01
2.500622403E+01  1.303825951E+01
2.502556203E+01  1.573827267E+01
2.504490003E+01  1.728095245E+01
2.506423803E+01  1.810888100E+01
2.508357603E+01  1.775029373E+01
2.510291403E+01  1.774044609E+01
2.512225203E+01  1.951469040E+01
2.514159003E+01  2.000930023E+01
2.516092803E+01  1.745907784E+01
2.518026603E+01  1.324232578E+01
2.519960403E+01  1.432737732E+01
2.521894203E+01  1.304408264E+01
2.523828003E+01  1.111261654E+01
2.525761803E+01  1.035295486E+01
2.527695603E+01  1.280059719E+01
2.529629403E+01  1.398268795E+01
2.531563203E+01  1.265532970E+01
2.533497003E+01  8.072136879E+00
2.535430803E+01  4.647080898E+00
2.537364603E+01  3.142237186E+00
2.539298403E+01  3.849188089E+00
2.541232203E+01  7.429601669E+00
2.543166003E+01  8.709915161E+00
2.545099803E+01  8.681584358E+00
2.547033603E+01  6.826282978E+00
2.548967403E+01  4.166449547E+00
2.550901203E+01  3.084870100E+00
2.552835003E+01  1.457255602E+00
2.554768803E+01  -6.858865619E-01
2.556702603E+01  -1.689030170E+00
2.558636403E+01  -1.104142427E+00
2.560570203E+01  1.537802629E-02
2.562504003E+01  -5.925659537E-01
2.564437803E+01  -2.533772707E+00
2.566371603E+01  -2.825604677E+00
2.568305403E+01  -4.158699989E+00
2.570239203E+01  -1.965569139E+00
2.572173003E+01  -2.706963062E+00
2.574106803E+01  3.410227895E-01
2.576040603E+01  5.051310539E+00
2.577974403E+01  9.234176636E+00
2.579908203E+01  1.014580250E+01
2.581842003E+01  1.218993950E+01
2.583775803E+01  1.397357464E+01
2.585709603E+01  1.533428383E+01
2.587643403E+01  1.333754349E+01
2.589577203E+01  1.163928604E+01
2.591511003E+01  9.941221237E+00
2.593444803E+01  1.008556271E+01
2.595378603E+01  1.233115101E+01
2.597312403E+01  1.493817234E+01
2.599246203E+01  1.776482964E+01
2.601180003E+01  2.066358757E+01
2.603113803E+01  2.353389168E+01
2.605047603E+01  2.703922081E+01
2.606981403E+01  3.141150284E+01
2.608915203E+01  3.688521194E+01
2.610849003E+01  4.059138870E+01
2.612782803E+01  4.531300354E+01
2.614716603E+01  5.221200943E+01
2.616650403E+01  6.537814331E+01
2.618584203E+01  7.378547668E+01
2.620518003E+01  8.011635590E+01
2.622451803E+01  8.239350128E+01
2.624385603E+01  8.818674469E+01
2.626319403E+01  9.442359924E+01
2.628253203E+01  1.001941528E+02
2.630187003E+01  1.075537949E+02
2.632120803E+01  1.100034485E+02
2.634054603E+01  1.133601303E+02
2.635988403E+01  1.149613037E+02
2.637922203E+01  1.171341095E+02
2.639856003E+01  1.150220032E+02
2.641789803E+01  1.140078278E+02
2.643723603E+01  1.118151627E+02
2.645657403E+01  1.089672546E+02
2.647591203E+01  1.054750137E+02
2.649525003E+01  1.057459641E+02
2.651458803E+01  1.045785904E+02
2.653392603E+01  1.050649109E+02
2.655326403E+01  1.030995712E+02
2.657260203E+01  1.011412430E+02
2.659194003E+01  1.047519608E+02
2.661127803E+01  1.137406845E+02
2.663061603E+01  1.145898132E+02
2.664995403E+01  1.105730896E+02
2.666929203E+01  1.092714996E+02
2.668863003E+01  1.243122559E+02
2.670796803E+01  1.358876495E+02
2.672730603E+01  1.470997467E+02
2.674664403E+01  1.448852386E+02
2.676598203E+01  1.355537415E+02
2.678532003E+01  1.444267731E+02
2.680465803E+01  1.444570923E+02
2.682399603E+01  1.283957520E+02
2.684333403E+01  1.289652100E+02
2.686267203E+01  1.298741913E+02
2.688201003E+01  1.035477524E+02
2.690134803E+01  6.757715607E+01
2.692068603E+01  4.527394104E+01
2.694002403E+01  5.065937042E+01
2.695936203E+01  3.996960068E+01
2.697870003E+01  4.672380829E+01
2.699803803E+01  5.129133987E+01
2.701737603E+01  5.401794052E+01
2.703671403E+01  4.078143311E+01
2.705605203E+01  3.012039948E+01
2.707539003E+01  3.102689743E+01
2.709472803E+01  4.006366730E+01
2.711406603E+01  5.722448730E+01
2.713340403E+01  5.476351166E+01
2.715274203E+01  8.865306091E+01
2.717208003E+01  1.333611908E+02
2.719141803E+01  1.789864349E+02
2.721075603E+01  2.263760376E+02
2.723009403E+01  2.905775146E+02
2.724943203E+01  3.601090088E+02
2.726877003E+01  3.841671753E+02
2.728810803E+01  3.644446411E+02
2.730744603E+01  2.767357178E+02
2.732678403E+01  2.252305145E+02
2.734612203E+01  1.806816711E+02
2.736546003E+01  1.378225861E+02
2.738479803E+01  8.533033752E+01
2.740413603E+01  4.612586212E+01
2.742347403E+01  4.040451050E+01
2.744281203E+01  4.885990524E+01
2.746215003E+01  6.104280090E+01
2.748148803E+01  5.533372879E+01
2.750082603E+01  4.822471619E+01
2.752016403E+01  4.004120636E+01
2.753950203E+01  3.541321564E+01
2.755884003E+01  3.543183517E+01
2.757817803E+01  4.060819626E+01
2.759751603E+01  4.139470673E+01
2.761685403E+01  3.854466248E+01
2.763619203E+01  3.727776718E+01
2.765553003E+01  4.179673767E+01
2.767486803E+01  4.578388214E+01
2.769420603E+01  4.675975418E+01
2.771354403E+01  4.627796936E+01
2.773288203E+01  4.756633377E+01
2.775222003E+01  5.556324005E+01
2.777155803E+01  6.218304062E+01
2.779089603E+01  6.612296295E+01
2.781023403E+01  6.718171692E+01
2.782957203E+01  6.708911133E+01
2.784891003E+01  6.854977417E+01
2.786824803E+01  7.114232635E+01
2.788758603E+01  6.849495697E+01
2.790692403E+01  6.802639008E+01
2.792626203E+01  6.832093048E+01
2.794560003E+01  6.889357758E+01
2.796493803E+01  6.872060394E+01
2.798427603E+01  7.047563934E+01
2.800361403E+01  7.641954803E+01
2.802295203E+01  8.594589996E+01
2.804229003E+01  1.029405594E+02
2.806162803E+01  1.174470062E+02
2.808096603E+01  1.223843155E+02
2.810030403E+01  1.228890076E+02
2.811964203E+01  1.238415985E+02
2.813898003E+01  1.240714798E+02
2.815831803E+01  1.176879425E+02
2.817765603E+01  1.103572540E+02
2.819699403E+01  1.081779022E+02
2.821633203E+01  1.026451797E+02
2.823567003E+01  8.562698364E+01
2.825500803E+01  7.111917877E+01
2.827434603E+01  6.354097748E+01
2.829368403E+01  6.890459442E+01
2.831302203E+01  6.706475067E+01
2.833236003E+01  7.143884277E+01
2.835169803E+01  7.896372223E+01
2.837103603E+01  9.717406464E+01
2.839037403E+01  1.277899704E+02
2.840971203E+01  1.718868713E+02
2.842905003E+01  2.241042938E+02
2.844838803E+01  2.712925415E+02
2.846772603E+01  3.235740356E+02
2.848706403E+01  3.611235046E+02
2.850640203E+01  3.687632141E+02
2.852574003E+01  3.465810242E+02
2.854507803E+01  3.046592712E+02
2.856441603E+01  2.461155243E+02
2.858375403E+01  1.900588684E+02
2.860309203E+01  1.444666290E+02
2.862243003E+01  1.078469315E+02
2.864176803E+01  8.698985291E+01
2.866110603E+01  7.945211029E+01
2.868044403E+01  7.389250183E+01
2.869978203E+01  6.553726196E+01
2.871912003E+01  6.396574402E+01
2.873845803E+01  6.366436005E+01
2.875779603E+01  6.642382050E+01
2.877713403E+01  6.661841583E+01
2.879647203E+01  6.833735657E+01
2.881581003E+01  6.434034729E+01
2.883514803E+01  6.791030121E+01
2.885448603E+01  7.342295074E+01
2.887382403E+01  7.000252533E+01
2.889316203E+01  6.646021271E+01
2.891250003E+01  6.460442352E+01
2.893183803E+01  6.892435455E+01
2.895117603E+01  7.356624603E+01
2.897051403E+01  7.131799316E+01
2.898985203E+01  6.255223846E+01
2.900919003E+01  5.638675690E+01
2.902852803E+01  5.599378967E+01
2.904786603E+01  5.798387527E+01
2.906720403E+01  5.796080780E+01
2.908654203E+01  5.576877975E+01
2.910588003E+01  5.135552216E+01
2.912521803E+01  5.210149384E+01
2.914455603E+01  5.514229584E+01
2.916389403E+01  5.708778381E+01
2.918323203E+01  4.702688217E+01
2.920257003E+01  3.757677460E+01
2.922190803E+01  3.293016434E+01
2.924124603E+01  3.119082260E+01
2.926058403E+01  2.493517494E+01
2.927992203E+01  1.994886589E+01
2.929926003E+01  1.898303223E+01
2.931859803E+01  2.067014885E+01
2.933793603E+01  2.065021515E+01
2.935727403E+01  2.032865715E+01
2.937661203E+01  1.572371292E+01
2.939595003E+01  1.729368401E+01
2.941528803E+01  2.148697662E+01
2.943462603E+01  2.038998222E+01
2.945396403E+01  2.074261856E+01
2.947330203E+01  2.117755318E+01
2.949264003E+01  1.768955421E+01
2.951197803E+01  1.010267830E+01
2.953131603E+01  1.558060169E+01
2.955065403E+01  1.605819893E+01
2.956999203E+01  7.714926720E+00
2.958933003E+01  8.653535843E+00
2.960866803E+01  1.345154381E+01
2.962800603E+01  1.168742466E+01
2.964734403E+01  3.073674440E+00
2.966668203E+01  9.647732973E-01
2.968602003E+01  5.386988163E+00
2.970535803E+01  5.891220093E+00
2.972469603E+01  2.185156107E+00
2.974403403E+01  -4.662223816E+00
2.976337203E+01  -4.611304283E+00
2.978271003E+01  4.741542816E+00
2.980204803E+01  2.310110569E+00
2.982138603E+01  5.236100674E+00
2.984072403E+01  9.769847870E+00
2.986006203E+01  3.300858140E-01
2.987940003E+01  -1.311036873E+01
2.989873803E+01  -7.855571747E+00
2.991807602E+01  6.310779572E+00
2.993741402E+01  6.109840870E+00
2.995675202E+01  -3.193295956E+00
