4.024494042E+00  2.614125967E+00
4.043832042E+00  4.265735626E+00
4.063170041E+00  2.938520193E+00
4.082508041E+00  2.926962852E+00
4.101846041E+00  5.484394073E+00
4.121184041E+00  5.398760796E+00
4.140522041E+00  3.385183811E+00
4.159860041E+00  1.656132340E+00
4.179198041E+00  9.868830442E-01
4.198536041E+00  9.806702137E-01
4.217874041E+00  2.303699732E+00
4.237212041E+00  3.106328249E+00
4.256550041E+00  3.315245867E+00
4.275888041E+00  5.269841671E+00
4.295226041E+00  2.726496458E+00
4.314564041E+00  1.649464369E+00
4.333902041E+00  1.703479648E+00
4.353240041E+00  3.491894484E+00
4.372578041E+00  1.858379602E+00
4.391916041E+00  -2.041082382E+00
4.411254041E+00  -2.044697523E+00
4.430592041E+00  3.933328092E-01
4.449930041E+00  3.740917206E+00
4.469268041E+00  8.351064682E+00
4.488606041E+00  1.430689907E+01
4.507944041E+00  2.723231697E+01
4.527282041E+00  4.692201233E+01
4.546620041E+00  7.204792023E+01
4.565958041E+00  9.747660065E+01
4.585296041E+00  1.072066803E+02
4.604634041E+00  9.948265839E+01
4.623972041E+00  7.605580139E+01
4.643310041E+00  5.511960983E+01
4.662648041E+00  3.718581009E+01
4.681986041E+00  2.629522896E+01
4.701324041E+00  2.182252693E+01
4.720662041E+00  2.028217506E+01
4.740000041E+00  2.307417488E+01
4.759338041E+00  2.647450638E+01
4.778676041E+00  3.126417732E+01
4.798014041E+00  3.698836899E+01
4.817352041E+00  4.685036850E+01
4.836690041E+00  6.479135132E+01
4.856028041E+00  8.179217529E+01
4.875366041E+00  9.447627258E+01
4.894704041E+00  9.461725616E+01
4.914042041E+00  8.482751465E+01
4.933380041E+00  6.943153381E+01
4.952718041E+00  5.761615753E+01
4.972056041E+00  5.114448166E+01
4.991394041E+00  4.675708008E+01
5.010732041E+00  4.478473663E+01
5.030070041E+00  4.309598541E+01
5.049408041E+00  4.195070648E+01
5.068746041E+00  4.592208862E+01
5.088084041E+00  4.797565079E+01
5.107422041E+00  5.325817490E+01
5.126760041E+00  6.280171204E+01
5.146098041E+00  8.495191956E+01
5.165436041E+00  1.314081726E+02
5.184774041E+00  1.987082520E+02
5.204112041E+00  2.593901978E+02
5.223450041E+00  2.644715271E+02
5.242788041E+00  2.105509338E+02
5.262126041E+00  1.417598419E+02
5.281464041E+00  8.939057922E+01
5.300802041E+00  6.341106796E+01
5.320140041E+00  4.948869324E+01
5.339478041E+00  4.285375214E+01
5.358816041E+00  3.784890366E+01
5.378154041E+00  3.414092255E+01
5.397492041E+00  3.047737503E+01
5.416830041E+00  2.726870918E+01
5.436168041E+00  2.473917389E+01
5.455506041E+00  2.099643898E+01
5.474844041E+00  1.735585022E+01
5.494182041E+00  1.299208641E+01
5.513520041E+00  1.100268936E+01
5.532858041E+00  1.454704094E+01
5.552196041E+00  1.707838440E+01
5.571534041E+00  1.949748611E+01
5.590872041E+00  1.847673607E+01
5.610210041E+00  1.730282593E+01
5.629548040E+00  1.546163177E+01
5.648886040E+00  1.259837723E+01
5.668224040E+00  8.947778702E+00
5.687562040E+00  8.622622490E+00
5.706900040E+00  1.490773106E+01
5.726238040E+00  3.939696884E+01
5.745576040E+00  5.821131134E+01
5.764914040E+00  7.043668365E+01
5.784252040E+00  5.771095657E+01
5.803590040E+00  3.998160934E+01
5.822928040E+00  1.403075695E+01
5.842266040E+00  3.946461678E+00
5.861604040E+00  2.524831593E-01
5.880942040E+00  5.847740650E+00
5.900280040E+00  1.618062973E+01
5.919618040E+00  3.974132538E+01
5.938956040E+00  7.923304749E+01
5.958294040E+00  1.374841461E+02
5.977632040E+00  1.823807068E+02
5.996970040E+00  1.781193085E+02
6.016308040E+00  1.291585236E+02
6.035646040E+00  7.646804047E+01
6.054984040E+00  3.794369507E+01
6.074322040E+00  1.621212196E+01
6.093660040E+00  8.234889984E+00
6.112998040E+00  4.603087425E+00
6.132336040E+00  4.214435577E+00
6.151674040E+00  2.438081503E+00
6.171012040E+00  3.754993156E-02
6.190350040E+00  -1.861390233E+00
6.209688040E+00  -2.227919102E+00
6.229026040E+00  -1.939933419E+00
6.248364040E+00  -1.997846723E+00
6.267702040E+00  -1.329259127E-01
6.287040040E+00  6.873948574E-01
6.306378040E+00  2.500534773E+00
6.325716040E+00  8.276993632E-01
6.345054040E+00  1.017071843E+00
6.364392040E+00  6.823392510E-01
6.383730040E+00  2.875841618E+00
6.403068040E+00  2.149782658E+00
6.422406040E+00  1.735610127E+00
6.441744040E+00  1.259859651E-01
6.461082040E+00  -8.226073980E-01
6.480420040E+00  -1.671385020E-01
6.499758040E+00  -4.415471554E-01
6.519096040E+00  2.222002268E+00
6.538434040E+00  5.426952362E+00
6.557772040E+00  8.122071266E+00
6.577110040E+00  7.008292675E+00
6.596448040E+00  5.651747704E+00
6.615786040E+00  3.310053110E+00
6.635124040E+00  1.104432464E+00
6.654462040E+00  -7.920391560E-01
6.673800040E+00  -3.786538495E-03
6.693138040E+00  -1.667024195E-01
6.712476040E+00  -1.179220200E+00
6.731814040E+00  -1.948133707E+00
6.751152040E+00  -9.010141492E-01
6.770490040E+00  -1.213590145E+00
6.789828040E+00  -8.348546624E-01
6.809166040E+00  -9.008418322E-01
6.828504040E+00  -3.438370228E-01
6.847842040E+00  4.176031053E-01
6.867180040E+00  6.705884337E-01
6.886518040E+00  2.006630003E-01
6.905856040E+00  1.293711364E-01
6.925194040E+00  7.968658805E-01
6.944532040E+00  1.149276137E+00
6.963870040E+00  1.317233086E+00
6.983208040E+00  2.212338686E+00
7.002546040E+00  2.483004808E+00
7.021884040E+00  3.271925449E+00
7.041222040E+00  3.655552149E+00
7.060560040E+00  4.371772289E+00
7.079898040E+00  3.402686834E+00
7.099236040E+00  2.071788073E+00
7.118574040E+00  -3.196817040E-01
7.137912040E+00  1.491523027E+00
7.157250040E+00  2.421811819E+00
7.176588040E+00  3.206278324E+00
7.195926039E+00  2.113412380E+00
7.215264039E+00  2.039080858E+00
7.234602039E+00  2.907510996E+00
7.253940039E+00  3.030280352E+00
7.273278039E+00  1.246796846E+00
7.292616039E+00  2.570381463E-01
7.311954039E+00  1.295813620E-01
7.331292039E+00  7.754517198E-01
7.350630039E+00  -6.661646962E-01
7.369968039E+00  -2.514353037E+00
7.389306039E+00  -2.947623253E+00
7.408644039E+00  -2.314977646E+00
7.427982039E+00  -1.482254028E+00
7.447320039E+00  -1.570560575E+00
7.466658039E+00  -9.975655675E-01
7.485996039E+00  7.221816182E-01
7.505334039E+00  1.575732946E+00
7.524672039E+00  1.867268443E+00
7.544010039E+00  4.567559242E+00
7.563348039E+00  8.766459465E+00
7.582686039E+00  1.434097958E+01
7.602024039E+00  1.851837730E+01
7.621362039E+00  2.255717468E+01
7.640700039E+00  2.295954323E+01
7.660038039E+00  1.975682831E+01
7.679376039E+00  1.494837284E+01
7.698714039E+00  1.130229664E+01
7.718052039E+00  1.026248550E+01
7.737390039E+00  9.145846367E+00
7.756728039E+00  9.012924194E+00
7.776066039E+00  1.112371635E+01
7.795404039E+00  1.486736679E+01
7.814742039E+00  2.079342651E+01
7.834080039E+00  3.376152420E+01
7.853418039E+00  5.740818405E+01
7.872756039E+00  1.019900894E+02
7.892094039E+00  1.599326935E+02
7.911432039E+00  2.274044647E+02
7.930770039E+00  2.660658875E+02
7.950108039E+00  2.669599609E+02
7.969446039E+00  2.243780365E+02
7.988784039E+00  1.779080963E+02
8.008122039E+00  1.332000427E+02
8.027460039E+00  1.125870895E+02
8.046798039E+00  1.085684814E+02
8.066136039E+00  1.179403152E+02
8.085474039E+00  1.309211121E+02
8.104812039E+00  1.332555542E+02
8.124150039E+00  1.213912582E+02
8.143488039E+00  1.007854691E+02
8.162826039E+00  7.872976685E+01
8.182164039E+00  6.322091293E+01
8.201502039E+00  5.074994659E+01
8.220840039E+00  4.302412033E+01
8.240178039E+00  3.393418884E+01
8.259516039E+00  2.582151413E+01
8.278854039E+00  1.799784470E+01
8.298192039E+00  1.129341888E+01
8.317530039E+00  5.925374985E+00
8.336868039E+00  6.938026547E-01
8.356206039E+00  -2.349314451E+00
8.375544039E+00  -2.585156441E+00
8.394882039E+00  -2.575128376E-01
8.414220039E+00  1.529166460E+00
8.433558039E+00  2.134472609E+00
8.452896039E+00  3.589307308E+00
8.472234039E+00  8.200610161E+00
8.491572039E+00  1.509163380E+01
8.510910039E+00  1.754885674E+01
8.530248039E+00  2.171093559E+01
8.549586039E+00  2.544003868E+01
8.568924039E+00  3.334061813E+01
8.588262039E+00  4.336219406E+01
8.607600039E+00  5.833912277E+01
8.626938039E+00  7.981090546E+01
8.646276039E+00  1.177726669E+02
8.665614039E+00  1.834563599E+02
8.684952039E+00  3.101960449E+02
8.704290039E+00  5.239558716E+02
8.723628039E+00  8.028430176E+02
8.742966039E+00  1.056550049E+03
8.762304038E+00  1.126857544E+03
8.781642038E+00  9.948779907E+02
8.800980038E+00  7.474116821E+02
8.820318038E+00  4.972793884E+02
8.839656038E+00  3.135306396E+02
8.858994038E+00  2.010895996E+02
8.878332038E+00  1.296311188E+02
8.897670038E+00  8.561037445E+01
8.917008038E+00  5.660063934E+01
8.936346038E+00  3.957152557E+01
8.955684038E+00  3.044002151E+01
8.975022038E+00  2.938323593E+01
8.994360038E+00  2.734205246E+01
9.013698038E+00  2.642761993E+01
9.033036038E+00  2.587862778E+01
9.052374038E+00  2.317702675E+01
9.071712038E+00  2.078314209E+01
9.091050038E+00  2.566081047E+01
9.110388038E+00  4.514360428E+01
9.129726038E+00  7.476441193E+01
9.149064038E+00  1.015572205E+02
9.168402038E+00  1.151347275E+02
9.187740038E+00  1.192982330E+02
9.207078038E+00  1.240796204E+02
9.226416038E+00  1.173356323E+02
9.245754038E+00  9.673561859E+01
9.265092038E+00  6.501646423E+01
9.284430038E+00  3.689446640E+01
9.303768038E+00  1.473108482E+01
9.323106038E+00  3.052990675E+00
9.342444038E+00  5.386403799E-01
9.361782038E+00  3.452366590E+00
9.381120038E+00  6.575294495E+00
9.400458038E+00  1.296804714E+01
9.419796038E+00  2.327690506E+01
9.439134038E+00  4.205558777E+01
9.458472038E+00  6.116444397E+01
9.477810038E+00  7.716156006E+01
9.497148038E+00  8.587796783E+01
9.516486038E+00  8.398747253E+01
9.535824038E+00  7.159285736E+01
9.555162038E+00  5.659573746E+01
9.574500038E+00  4.522661972E+01
9.593838038E+00  4.096115875E+01
9.613176038E+00  4.245179749E+01
9.632514038E+00  4.456953430E+01
9.651852038E+00  4.015977097E+01
9.671190038E+00  3.000351906E+01
9.690528038E+00  2.110302734E+01
9.709866038E+00  1.688834763E+01
9.729204038E+00  1.683792686E+01
9.748542038E+00  2.112535477E+01
9.767880038E+00  2.836690903E+01
9.787218038E+00  3.480687714E+01
9.806556038E+00  3.828091812E+01
9.825894038E+00  3.752687836E+01
9.845232038E+00  3.870039749E+01
9.864570038E+00  4.685709381E+01
9.883908038E+00  6.832976532E+01
9.903246038E+00  9.643225098E+01
9.922584038E+00  1.186845169E+02
9.941922038E+00  1.222062149E+02
9.961260038E+00  1.036837387E+02
9.980598038E+00  6.929720306E+01
9.999936038E+00  3.622289276E+01
1.001927404E+01  1.412887573E+01
1.003861204E+01  1.349555254E+00
1.005795004E+01  -4.398265839E+00
1.007728804E+01  -6.442630768E+00
1.009662604E+01  -7.765804768E+00
1.011596404E+01  -6.814824104E+00
1.013530204E+01  -6.186308861E+00
1.015464004E+01  -6.257326603E+00
1.017397804E+01  -5.651699066E+00
1.019331604E+01  -2.853530169E+00
1.021265404E+01  4.798062146E-01
1.023199204E+01  4.190270424E+00
1.025133004E+01  8.480731010E+00
1.027066804E+01  1.407316399E+01
1.029000604E+01  2.283389854E+01
1.030934404E+01  3.633123398E+01
1.032868204E+01  5.125901794E+01
1.034802004E+01  6.688073730E+01
1.036735804E+01  8.379638672E+01
1.038669604E+01  1.048218002E+02
1.040603404E+01  1.253771667E+02
1.042537204E+01  1.426090240E+02
1.044471004E+01  1.503890533E+02
1.046404804E+01  1.546808167E+02
1.048338604E+01  1.596639862E+02
1.050272404E+01  1.715167999E+02
1.052206204E+01  1.907276306E+02
1.054140004E+01  2.145346680E+02
1.056073804E+01  2.330562134E+02
1.058007604E+01  2.433047333E+02
1.059941404E+01  2.520321960E+02
1.061875204E+01  2.645367432E+02
1.063809004E+01  2.813236389E+02
1.065742804E+01  2.913453674E+02
1.067676604E+01  2.867215271E+02
1.069610404E+01  2.650028076E+02
1.071544204E+01  2.318227539E+02
1.073478004E+01  2.000890656E+02
1.075411804E+01  1.710097961E+02
1.077345604E+01  1.523388367E+02
1.079279404E+01  1.350806580E+02
1.081213204E+01  1.210263062E+02
1.083147004E+01  1.056216202E+02
1.085080804E+01  9.100922394E+01
1.087014604E+01  7.540422821E+01
1.088948404E+01  6.240065002E+01
1.090882204E+01  5.334075546E+01
1.092816004E+01  4.430387115E+01
1.094749804E+01  3.817371750E+01
1.096683604E+01  3.427416992E+01
1.098617404E+01  3.169590950E+01
1.100551204E+01  3.131741142E+01
1.102485004E+01  3.213477325E+01
1.104418804E+01  3.337377167E+01
1.106352604E+01  3.634946823E+01
1.108286404E+01  4.255973053E+01
1.110220204E+01  5.300795364E+01
1.112154004E+01  6.610932159E+01
1.114087804E+01  8.326795959E+01
1.116021604E+01  1.054391632E+02
1.117955404E+01  1.361640778E+02
1.119889204E+01  1.716753845E+02
1.121823004E+01  2.117281647E+02
1.123756804E+01  2.456188507E+02
1.125690604E+01  2.740007629E+02
1.127624404E+01  3.013043823E+02
1.129558204E+01  3.377308960E+02
1.131492004E+01  3.859798889E+02
1.133425804E+01  4.508067017E+02
1.135359604E+01  5.343197021E+02
1.137293404E+01  6.421357422E+02
1.139227204E+01  7.683742065E+02
1.141161004E+01  8.755556641E+02
1.143094804E+01  9.192055664E+02
1.145028604E+01  8.691106567E+02
1.146962404E+01  7.417464600E+02
1.148896204E+01  5.870474243E+02
1.150830004E+01  4.430035400E+02
1.152763804E+01  3.319696045E+02
1.154697604E+01  2.481615295E+02
1.156631404E+01  1.944320679E+02
1.158565204E+01  1.543770294E+02
1.160499004E+01  1.286378021E+02
1.162432804E+01  1.076089249E+02
1.164366604E+01  8.932910156E+01
1.166300404E+01  7.065807343E+01
1.168234204E+01  5.306072998E+01
1.170168004E+01  3.901048279E+01
1.172101804E+01  2.959032631E+01
1.174035604E+01  2.310931206E+01
1.175969404E+01  2.169336700E+01
1.177903204E+01  2.207047272E+01
1.179837004E+01  2.606504631E+01
1.181770804E+01  2.916997910E+01
1.183704604E+01  3.419337463E+01
1.185638404E+01  4.206836319E+01
1.187572204E+01  5.389805603E+01
1.189506004E+01  7.114472961E+01
1.191439804E+01  9.486350250E+01
1.193373604E+01  1.265275421E+02
1.195307404E+01  1.589804535E+02
1.197241204E+01  1.813444672E+02
1.199175004E+01  1.837971344E+02
1.201108804E+01  1.685561066E+02
1.203042604E+01  1.440266724E+02
1.204976404E+01  1.205338974E+02
1.206910204E+01  1.028805313E+02
1.208844004E+01  9.292730713E+01
1.210777804E+01  9.086467743E+01
1.212711604E+01  9.260344696E+01
1.214645404E+01  9.679750824E+01
1.216579204E+01  1.037466278E+02
1.218513004E+01  1.133784180E+02
1.220446804E+01  1.263779755E+02
1.222380604E+01  1.437921143E+02
1.224314404E+01  1.691790161E+02
1.226248204E+01  1.930765533E+02
1.228182004E+01  2.085766602E+02
1.230115804E+01  2.104542999E+02
1.232049604E+01  1.945126801E+02
1.233983404E+01  1.712496948E+02
1.235917204E+01  1.505742950E+02
1.237851004E+01  1.329575653E+02
1.239784804E+01  1.181736908E+02
1.241718604E+01  1.020328903E+02
1.243652404E+01  8.598782349E+01
1.245586204E+01  7.049636841E+01
1.247520004E+01  5.674502945E+01
1.249453804E+01  4.474291229E+01
1.251387604E+01  3.409025955E+01
1.253321404E+01  2.588494873E+01
1.255255204E+01  2.048247337E+01
1.257189004E+01  1.512045956E+01
1.259122804E+01  1.286908722E+01
1.261056604E+01  1.310788059E+01
1.262990404E+01  1.750275421E+01
1.264924204E+01  2.274378586E+01
1.266858004E+01  2.674003410E+01
1.268791804E+01  3.100403786E+01
1.270725604E+01  3.653487015E+01
1.272659404E+01  4.246850204E+01
1.274593204E+01  4.767668533E+01
1.276527004E+01  5.468024826E+01
1.278460804E+01  6.216472244E+01
1.280394604E+01  7.111777496E+01
1.282328404E+01  8.377059937E+01
1.284262204E+01  1.009726562E+02
1.286196004E+01  1.230757141E+02
1.288129804E+01  1.499582367E+02
1.290063604E+01  1.897204132E+02
1.291997404E+01  2.459178619E+02
1.293931204E+01  3.208725586E+02
1.295865004E+01  4.162999268E+02
1.297798804E+01  5.255361328E+02
1.299732604E+01  6.270258789E+02
1.301666404E+01  6.978066406E+02
1.303600204E+01  7.267283936E+02
1.305534004E+01  7.314865112E+02
1.307467804E+01  7.331351318E+02
1.309401604E+01  7.414678345E+02
1.311335404E+01  7.533140869E+02
1.313269204E+01  7.550578003E+02
1.315203004E+01  7.415242310E+02
1.317136804E+01  7.035343018E+02
1.319070604E+01  6.476586304E+02
1.321004404E+01  5.811593628E+02
1.322938204E+01  5.175464478E+02
1.324872004E+01  4.580290527E+02
1.326805804E+01  4.038542786E+02
1.328739604E+01  3.554545898E+02
1.330673404E+01  3.141189575E+02
1.332607204E+01  2.772732544E+02
1.334541004E+01  2.455504913E+02
1.336474804E+01  2.174645386E+02
1.338408604E+01  1.956479797E+02
1.340342404E+01  1.774177856E+02
1.342276204E+01  1.657541199E+02
1.344210004E+01  1.560863953E+02
1.346143804E+01  1.510240936E+02
1.348077604E+01  1.490813293E+02
1.350011404E+01  1.484833221E+02
1.351945204E+01  1.505806122E+02
1.353879004E+01  1.553716583E+02
1.355812804E+01  1.644712677E+02
1.357746604E+01  1.773755646E+02
1.359680404E+01  1.908232727E+02
1.361614204E+01  2.066210022E+02
1.363548004E+01  2.266063538E+02
1.365481804E+01  2.563449097E+02
1.367415604E+01  2.956365051E+02
1.369349404E+01  3.494096069E+02
1.371283204E+01  4.063046265E+02
1.373217004E+01  4.589367676E+02
1.375150804E+01  4.939824829E+02
1.377084604E+01  5.024199219E+02
1.379018404E+01  4.780928040E+02
1.380952204E+01  4.105893860E+02
1.382886004E+01  3.722185364E+02
1.384819804E+01  3.894378967E+02
1.386753604E+01  4.146480103E+02
1.388687404E+01  4.298896790E+02
1.390621204E+01  4.517073669E+02
1.392555004E+01  4.661073914E+02
1.394488804E+01  6.805037842E+02
1.396422604E+01  7.643171387E+02
1.398356404E+01  6.853970337E+02
1.400290204E+01  6.036581421E+02
1.402224004E+01  4.866334534E+02
1.404157804E+01  3.463937683E+02
1.406091604E+01  2.482285767E+02
1.408025404E+01  7.781616974E+01
1.409959204E+01  3.729528809E+01
1.411893004E+01  -1.910326195E+01
1.413826804E+01  -3.726581573E+01
1.415760604E+01  9.621519089E+00
1.417694404E+01  7.015367889E+01
1.419628204E+01  1.771866150E+02
1.421562004E+01  1.894107971E+02
1.423495804E+01  1.890291748E+02
1.425429603E+01  1.835544891E+02
1.427363403E+01  1.770369415E+02
1.429297203E+01  1.695925903E+02
1.431231003E+01  1.647012939E+02
1.433164803E+01  1.592430573E+02
1.435098603E+01  1.518503265E+02
1.437032403E+01  1.457234039E+02
1.438966203E+01  1.433371887E+02
1.440900003E+01  1.451694946E+02
1.442833803E+01  1.520733337E+02
1.444767603E+01  1.619758759E+02
1.446701403E+01  1.750842133E+02
1.448635203E+01  1.873146362E+02
1.450569003E+01  1.918413391E+02
1.452502803E+01  1.839124146E+02
1.454436603E+01  1.620951385E+02
1.456370403E+01  1.366976318E+02
1.458304203E+01  1.152146301E+02
1.460238003E+01  1.009988403E+02
1.462171803E+01  9.322163391E+01
1.464105603E+01  8.898730469E+01
1.466039403E+01  8.694435883E+01
1.467973203E+01  8.317418671E+01
1.469907003E+01  8.040000916E+01
1.471840803E+01  7.729843903E+01
1.473774603E+01  7.526724243E+01
1.475708403E+01  6.992044067E+01
1.477642203E+01  6.538741302E+01
1.479576003E+01  6.390073013E+01
1.481509803E+01  6.318849945E+01
1.483443603E+01  6.076634598E+01
1.485377403E+01  5.513611603E+01
1.487311203E+01  4.925999832E+01
1.489245003E+01  4.657736588E+01
1.491178803E+01  4.958555984E+01
1.493112603E+01  5.265826035E+01
1.495046403E+01  5.198711014E+01
1.496980203E+01  5.249261093E+01
1.498914003E+01  5.592810440E+01
1.500847803E+01  6.214052963E+01
1.502781603E+01  7.142122650E+01
1.504715403E+01  8.463387299E+01
1.506649203E+01  1.021339188E+02
1.508583003E+01  1.214509430E+02
1.510516803E+01  1.370745392E+02
1.512450603E+01  1.459414062E+02
1.514384403E+01  1.528879242E+02
1.516318203E+01  1.487124939E+02
1.518252003E+01  1.376402740E+02
1.520185803E+01  1.183704147E+02
1.522119603E+01  9.892265320E+01
1.524053403E+01  7.485293579E+01
1.525987203E+01  5.508642578E+01
1.527921003E+01  3.807373047E+01
1.529854803E+01  2.516374779E+01
1.531788603E+01  1.673815918E+01
1.533722403E+01  1.045755482E+01
1.535656203E+01  6.374699116E+00
1.537590003E+01  4.384259701E+00
1.539523803E+01  4.487456322E+00
1.541457603E+01  4.725419044E+00
1.543391403E+01  7.152340412E+00
1.545325203E+01  9.360385895E+00
1.547259003E+01  1.261324787E+01
1.549192803E+01  1.323579979E+01
1.551126603E+01  1.511093426E+01
1.553060403E+01  1.685046959E+01
1.554994203E+01  1.819188499E+01
1.556928003E+01  1.886576271E+01
1.558861803E+01  1.748910713E+01
1.560795603E+01  1.650383186E+01
1.562729403E+01  1.453760624E+01
1.564663203E+01  1.384014225E+01
1.566597003E+01  1.344116688E+01
1.568530803E+01  1.375369549E+01
1.570464603E+01  1.389484501E+01
1.572398403E+01  1.652641869E+01
1.574332203E+01  2.034221458E+01
1.576266003E+01  2.398869133E+01
1.578199803E+01  2.763210678E+01
1.580133603E+01  3.148123932E+01
1.582067403E+01  3.714847183E+01
1.584001203E+01  4.742640686E+01
1.585935003E+01  5.604276276E+01
1.587868803E+01  7.071505737E+01
1.589802603E+01  8.957932281E+01
1.591736403E+01  1.052836304E+02
1.593670203E+01  1.072024384E+02
1.595604003E+01  1.041441040E+02
1.597537803E+01  9.831501007E+01
1.599471603E+01  9.460497284E+01
1.601405403E+01  1.007959671E+02
1.603339203E+01  1.074566803E+02
1.605273003E+01  1.268675461E+02
1.607206803E+01  1.585385437E+02
1.609140603E+01  1.996497040E+02
1.611074403E+01  2.419384613E+02
1.613008203E+01  2.812651367E+02
1.614942003E+01  3.216825562E+02
1.616875803E+01  3.201451721E+02
1.618809603E+01  3.026644287E+02
1.620743403E+01  2.644004822E+02
1.622677203E+01  2.207262421E+02
1.624611003E+01  1.805927887E+02
1.626544803E+01  1.425193787E+02
1.628478603E+01  1.125963516E+02
1.630412403E+01  8.512309265E+01
1.632346203E+01  6.812120819E+01
1.634280003E+01  5.005886841E+01
1.636213803E+01  2.916721535E+01
1.638147603E+01  1.202338028E+01
1.640081403E+01  1.346360445E+00
1.642015203E+01  6.593765020E-01
1.643949003E+01  6.336145401E-01
1.645882803E+01  8.120987415E-01
1.647816603E+01  2.086737871E+00
1.649750403E+01  3.214432955E+00
1.651684203E+01  5.494319916E+00
1.653618003E+01  6.644229412E+00
1.655551803E+01  9.133444786E+00
1.657485603E+01  8.234948158E+00
1.659419403E+01  8.415303230E+00
1.661353203E+01  1.000067329E+01
1.663287003E+01  1.478862762E+01
1.665220803E+01  1.860234642E+01
1.667154603E+01  2.306673050E+01
1.669088403E+01  2.859107399E+01
1.671022203E+01  3.902799225E+01
1.672956003E+01  5.569441605E+01
1.674889803E+01  7.874122620E+01
1.676823603E+01  1.124559784E+02
1.678757403E+01  1.632455597E+02
1.680691203E+01  2.400620117E+02
1.682625003E+01  3.442572021E+02
1.684558803E+01  4.662745056E+02
1.686492603E+01  5.824367065E+02
1.688426403E+01  6.622903442E+02
1.690360203E+01  6.750014038E+02
1.692294003E+01  6.227398682E+02
1.694227803E+01  5.269172363E+02
1.696161603E+01  4.183606567E+02
1.698095403E+01  3.201759338E+02
1.700029203E+01  2.428552094E+02
1.701963003E+01  1.830471497E+02
1.703896803E+01  1.398742676E+02
1.705830603E+01  1.090957718E+02
1.707764403E+01  8.913858032E+01
1.709698203E+01  7.679998779E+01
1.711632003E+01  6.573859406E+01
1.713565803E+01  5.570065689E+01
1.715499603E+01  4.646685791E+01
1.717433403E+01  3.862404251E+01
1.719367203E+01  2.897074890E+01
1.721301003E+01  1.634508133E+01
1.723234803E+01  6.889619350E+00
1.725168603E+01  2.308248758E+00
1.727102403E+01  -1.342078805E+00
1.729036203E+01  -4.323950768E+00
1.730970003E+01  -6.111333370E+00
1.732903803E+01  -7.000895500E+00
1.734837603E+01  -7.111516953E+00
1.736771403E+01  -6.954105377E+00
1.738705203E+01  -4.134475708E+00
1.740639003E+01  8.952632546E-02
1.742572803E+01  8.506514549E+00
1.744506603E+01  1.500259209E+01
1.746440403E+01  2.841047287E+01
1.748374203E+01  5.804146576E+01
1.750308003E+01  1.025209427E+02
1.752241803E+01  1.519391937E+02
1.754175603E+01  1.905670013E+02
1.756109403E+01  2.054855957E+02
1.758043203E+01  1.958175049E+02
1.759977003E+01  1.672935333E+02
1.761910803E+01  1.366006165E+02
1.763844603E+01  1.093088455E+02
1.765778403E+01  8.716518402E+01
1.767712203E+01  7.428481293E+01
1.769646003E+01  6.917854309E+01
1.771579803E+01  6.810140228E+01
1.773513603E+01  7.031777954E+01
1.775447403E+01  7.287145233E+01
1.777381203E+01  7.991273499E+01
1.779315003E+01  8.822017670E+01
1.781248803E+01  9.786195374E+01
1.783182603E+01  1.095698929E+02
1.785116403E+01  1.261991959E+02
1.787050203E+01  1.463314056E+02
1.788984003E+01  1.695791626E+02
1.790917803E+01  1.915395203E+02
1.792851603E+01  2.108640289E+02
1.794785403E+01  2.254977112E+02
1.796719203E+01  2.317718811E+02
1.798653003E+01  2.354917450E+02
1.800586803E+01  2.363892975E+02
1.802520603E+01  2.346008453E+02
1.804454403E+01  2.285783539E+02
1.806388203E+01  2.182310791E+02
1.808322003E+01  2.064411774E+02
1.810255803E+01  1.933136902E+02
1.812189603E+01  1.783178711E+02
1.814123403E+01  1.608597412E+02
1.816057203E+01  1.455261993E+02
1.817991003E+01  1.298935699E+02
1.819924803E+01  1.166253128E+02
1.821858603E+01  1.059656372E+02
1.823792403E+01  9.810790253E+01
1.825726203E+01  9.154350281E+01
1.827660003E+01  8.852252960E+01
1.829593803E+01  8.940267944E+01
1.831527603E+01  9.372122955E+01
1.833461403E+01  1.000773849E+02
1.835395203E+01  1.094762497E+02
1.837329003E+01  1.236660004E+02
1.839262803E+01  1.412030487E+02
1.841196603E+01  1.611951904E+02
1.843130403E+01  1.858114014E+02
1.845064203E+01  2.170445251E+02
1.846998003E+01  2.607905579E+02
1.848931803E+01  3.092032471E+02
1.850865603E+01  3.629126892E+02
1.852799403E+01  4.116194458E+02
1.854733203E+01  4.503728943E+02
1.856667003E+01  4.766313171E+02
1.858600803E+01  4.855734253E+02
1.860534603E+01  4.836976318E+02
1.862468403E+01  4.718605042E+02
1.864402203E+01  4.517535706E+02
1.866336003E+01  4.233571777E+02
1.868269803E+01  3.880441895E+02
1.870203603E+01  3.509929810E+02
1.872137403E+01  3.133424988E+02
1.874071203E+01  2.751231995E+02
1.876005003E+01  2.386993408E+02
1.877938803E+01  2.036873016E+02
1.879872603E+01  1.727072601E+02
1.881806403E+01  1.449051514E+02
1.883740203E+01  1.209898148E+02
1.885674003E+01  1.004795303E+02
1.887607803E+01  8.453656769E+01
1.889541603E+01  6.920883179E+01
1.891475403E+01  5.596016693E+01
1.893409203E+01  4.578583527E+01
1.895343003E+01  3.886389923E+01
1.897276803E+01  3.266459274E+01
1.899210603E+01  2.636366463E+01
1.901144403E+01  2.256161880E+01
1.903078203E+01  2.117166328E+01
1.905012003E+01  1.992191887E+01
1.906945803E+01  2.109149933E+01
1.908879603E+01  2.119192314E+01
1.910813403E+01  2.308601761E+01
1.912747203E+01  2.643518448E+01
1.914681003E+01  3.464692688E+01
1.916614803E+01  4.317416382E+01
1.918548603E+01  5.422837067E+01
1.920482403E+01  6.610894775E+01
1.922416203E+01  8.181232452E+01
1.924350003E+01  9.663626099E+01
1.926283803E+01  1.080867920E+02
1.928217603E+01  1.126128693E+02
1.930151403E+01  1.049987183E+02
1.932085203E+01  9.153446198E+01
1.934019003E+01  7.399760437E+01
1.935952803E+01  5.524042511E+01
1.937886603E+01  3.736892319E+01
1.939820403E+01  2.380559731E+01
1.941754203E+01  1.568736744E+01
1.943688003E+01  1.063830662E+01
1.945621803E+01  9.725199699E+00
1.947555603E+01  1.018776989E+01
1.949489403E+01  1.331612682E+01
1.951423203E+01  1.663021088E+01
1.953357003E+01  2.154800224E+01
1.955290803E+01  2.584354210E+01
1.957224603E+01  2.912275124E+01
1.959158403E+01  3.366840744E+01
1.961092203E+01  4.190376282E+01
1.963026003E+01  4.932200241E+01
1.964959803E+01  5.238222122E+01
1.966893603E+01  4.997231674E+01
1.968827403E+01  4.576155090E+01
1.970761203E+01  3.607526016E+01
1.972695003E+01  2.573767281E+01
1.974628803E+01  1.833725548E+01
1.976562603E+01  1.335221577E+01
1.978496403E+01  1.071030712E+01
1.980430203E+01  6.899424076E+00
1.982364003E+01  5.143380165E+00
1.984297803E+01  1.493699312E+00
1.986231603E+01  -1.485569715E+00
1.988165403E+01  -4.700037956E+00
1.990099203E+01  -6.432448387E+00
1.992033003E+01  -8.252105713E+00
1.993966803E+01  -6.808825016E+00
1.995900603E+01  -4.059986115E+00
1.997834403E+01  -2.045930386E+00
1.999768203E+01  9.706330299E-01
2.001702003E+01  3.705548525E+00
2.003635803E+01  5.301453114E+00
2.005569603E+01  4.318493843E+00
2.007503403E+01  5.737986088E+00
2.009437203E+01  5.040044785E+00
2.011371003E+01  2.398161650E+00
2.013304803E+01  -9.965803027E-01
2.015238603E+01  -1.932582736E+00
2.017172403E+01  -2.321777821E+00
2.019106203E+01  -5.853740573E-01
2.021040003E+01  2.963326454E+00
2.022973803E+01  6.597196579E+00
2.024907603E+01  1.103782940E+01
2.026841403E+01  1.535861206E+01
2.028775203E+01  1.858383942E+01
2.030709003E+01  2.612768555E+01
2.032642803E+01  3.360961914E+01
2.034576603E+01  3.643595123E+01
2.036510403E+01  4.067068100E+01
2.038444203E+01  4.630355835E+01
2.040378003E+01  5.341829681E+01
2.042311803E+01  6.114741516E+01
2.044245603E+01  6.998690796E+01
2.046179403E+01  7.624499512E+01
2.048113203E+01  8.043299866E+01
2.050047003E+01  8.128313446E+01
2.051980803E+01  8.066723633E+01
2.053914603E+01  7.916364288E+01
2.055848403E+01  7.707160950E+01
2.057782203E+01  7.172721863E+01
2.059716003E+01  6.517230988E+01
2.061649803E+01  6.166696930E+01
2.063583603E+01  6.218363571E+01
2.065517403E+01  6.187538147E+01
2.067451203E+01  5.989305496E+01
2.069385003E+01  5.650440598E+01
2.071318803E+01  5.241270447E+01
2.073252603E+01  4.886757660E+01
2.075186403E+01  4.703341675E+01
2.077120203E+01  4.639368439E+01
2.079054003E+01  4.586247253E+01
2.080987803E+01  4.615830612E+01
2.082921603E+01  4.848430252E+01
2.084855403E+01  5.414365768E+01
2.086789203E+01  6.251865387E+01
2.088723003E+01  7.642222595E+01
2.090656803E+01  9.485746765E+01
2.092590603E+01  1.175638199E+02
2.094524403E+01  1.411959686E+02
2.096458203E+01  1.630047913E+02
2.098392003E+01  1.773017426E+02
2.100325803E+01  1.808108215E+02
2.102259603E+01  1.735006714E+02
2.104193403E+01  1.602694244E+02
2.106127203E+01  1.437138824E+02
2.108061003E+01  1.271020508E+02
2.109994803E+01  1.145498047E+02
2.111928603E+01  1.098864288E+02
2.113862403E+01  1.150376511E+02
2.115796203E+01  1.238520584E+02
2.117730003E+01  1.327607727E+02
2.119663803E+01  1.365924072E+02
2.121597603E+01  1.326709442E+02
2.123531403E+01  1.202283173E+02
2.125465203E+01  1.035729370E+02
2.127399003E+01  8.280618286E+01
2.129332803E+01  6.369424820E+01
2.131266603E+01  4.636834717E+01
2.133200403E+01  3.201025009E+01
2.135134203E+01  1.887669563E+01
2.137068003E+01  1.187972832E+01
2.139001803E+01  6.851330280E+00
2.140935603E+01  2.333473921E+00
2.142869403E+01  -1.718028307E+00
2.144803203E+01  -3.861499786E+00
2.146737003E+01  -3.848110914E+00
2.148670803E+01  -2.314506769E+00
2.150604603E+01  6.949766278E-01
2.152538403E+01  4.237344742E+00
2.154472203E+01  9.039546967E+00
2.156406003E+01  1.296063709E+01
2.158339803E+01  1.619001007E+01
2.160273603E+01  1.999594116E+01
2.162207403E+01  2.455346489E+01
2.164141203E+01  2.947659874E+01
2.166075003E+01  4.019065857E+01
2.168008803E+01  5.391419601E+01
2.169942603E+01  6.623320007E+01
2.171876403E+01  7.779082489E+01
2.173810203E+01  9.142626190E+01
2.175744003E+01  1.047809830E+02
2.177677803E+01  1.198062744E+02
2.179611603E+01  1.318235626E+02
2.181545403E+01  1.428476410E+02
2.183479203E+01  1.532714844E+02
2.185413003E+01  1.642495422E+02
2.187346803E+01  1.685285950E+02
2.189280603E+01  1.683729706E+02
2.191214403E+01  1.668973541E+02
2.193148203E+01  1.617850647E+02
2.195082003E+01  1.522777405E+02
2.197015803E+01  1.395918884E+02
2.198949603E+01  1.296739960E+02
2.200883403E+01  1.192906418E+02
2.202817203E+01  1.076776276E+02
2.204751003E+01  9.541521454E+01
2.206684803E+01  8.425435638E+01
2.208618603E+01  7.618156433E+01
2.210552403E+01  7.026052094E+01
2.212486203E+01  6.606855011E+01
2.214420003E+01  6.159289932E+01
2.216353803E+01  5.752270126E+01
2.218287603E+01  5.577657700E+01
2.220221403E+01  5.625751114E+01
2.222155203E+01  5.560113525E+01
2.224089003E+01  5.422628021E+01
2.226022803E+01  5.131396103E+01
2.227956603E+01  4.948731995E+01
2.229890403E+01  4.816611099E+01
2.231824203E+01  4.711405945E+01
2.233758003E+01  4.566885376E+01
2.235691803E+01  4.594476318E+01
2.237625603E+01  4.656702423E+01
2.239559403E+01  4.852021408E+01
2.241493203E+01  5.186653137E+01
2.243427003E+01  5.770623016E+01
2.245360803E+01  6.549060059E+01
2.247294603E+01  7.695436096E+01
2.249228403E+01  8.802139282E+01
2.251162203E+01  9.578351593E+01
2.253096003E+01  1.000090408E+02
2.255029803E+01  1.002250061E+02
2.256963603E+01  1.043309784E+02
2.258897403E+01  1.125995483E+02
2.260831203E+01  1.228647537E+02
2.262765003E+01  1.340926971E+02
2.264698803E+01  1.473673553E+02
2.266632603E+01  1.704196014E+02
2.268566403E+01  1.914475708E+02
2.270500203E+01  2.073610077E+02
2.272434003E+01  1.976648407E+02
2.274367803E+01  1.890045624E+02
2.276301603E+01  1.974672546E+02
2.278235403E+01  2.330088348E+02
2.280169203E+01  2.691750488E+02
2.282103003E+01  2.901135864E+02
2.284036803E+01  2.968774109E+02
2.285970603E+01  3.402720642E+02
2.287904403E+01  4.255852356E+02
2.289838203E+01  5.442886963E+02
2.291772003E+01  5.964067383E+02
2.293705803E+01  5.698212280E+02
2.295639603E+01  5.467273560E+02
2.297573403E+01  5.023645935E+02
2.299507203E+01  4.530447998E+02
2.301441003E+01  3.965384216E+02
2.303374803E+01  3.409764709E+02
2.305308603E+01  2.869518433E+02
2.307242403E+01  2.341963196E+02
2.309176203E+01  1.977069550E+02
2.311110003E+01  1.352881927E+02
2.313043803E+01  5.737405777E+01
2.314977603E+01  2.688559341E+01
2.316911403E+01  1.871451950E+01
2.318845203E+01  1.394100380E+01
2.320779003E+01  1.472501659E+01
2.322712803E+01  1.726923370E+01
2.324646603E+01  1.860418701E+01
2.326580403E+01  1.504872417E+01
2.328514203E+01  9.823781013E+00
2.330448003E+01  6.563369274E+00
2.332381803E+01  5.301643372E+00
2.334315603E+01  2.774173498E+00
2.336249403E+01  7.321581244E-01
2.338183203E+01  -7.343281507E-01
2.340117003E+01  9.590534121E-02
2.342050803E+01  1.834203124E+00
2.343984603E+01  1.879040480E+00
2.345918403E+01  1.729260325E+00
2.347852203E+01  1.964790821E+00
2.349786003E+01  1.869695544E+00
2.351719803E+01  1.644092917E+00
2.353653603E+01  2.164413452E+00
2.355587403E+01  5.336919785E+00
2.357521203E+01  5.839897156E+00
2.359455003E+01  4.947388649E+00
2.361388803E+01  1.546288013E+00
2.363322603E+01  8.235987425E-01
2.365256403E+01  5.633120537E-01
2.367190203E+01  1.776048303E+00
2.369124003E+01  1.849450350E+00
2.371057803E+01  2.146085978E+00
2.372991603E+01  4.083039761E+00
2.374925403E+01  5.629473209E+00
2.376859203E+01  7.357162952E+00
2.378793003E+01  6.903636932E+00
2.380726803E+01  8.900886536E+00
2.382660603E+01  8.670676231E+00
2.384594403E+01  7.772399426E+00
2.386528203E+01  6.517234802E+00
2.388462003E+01  6.590706825E+00
2.390395803E+01  8.402289391E+00
2.392329603E+01  7.625205994E+00
2.394263403E+01  9.060922623E+00
2.396197203E+01  8.776600838E+00
2.398131003E+01  8.643180847E+00
2.400064803E+01  5.351978779E+00
2.401998603E+01  4.452770710E+00
2.403932403E+01  4.372585773E+00
2.405866203E+01  3.092219114E+00
2.407800003E+01  2.546370745E+00
2.409733803E+01  2.321398020E+00
2.411667603E+01  2.574743271E+00
2.413601403E+01  6.350264549E-01
2.415535203E+01  -2.412998199E+00
2.417469003E+01  -4.709404469E+00
2.419402803E+01  -3.797322273E+00
2.421336603E+01  -1.618548274E+00
2.423270403E+01  9.777697176E-02
2.425204203E+01  2.025951445E-01
2.427138003E+01  8.542199731E-01
2.429071803E+01  1.350607157E+00
2.431005603E+01  3.215530872E+00
2.432939403E+01  6.637299538E+00
2.434873203E+01  1.348291016E+01
2.436807003E+01  2.122382545E+01
2.438740803E+01  2.822430229E+01
2.440674603E+01  3.627775574E+01
2.442608403E+01  4.334138870E+01
2.444542203E+01  5.109183121E+01
2.446476003E+01  5.498668289E+01
2.448409803E+01  5.737875366E+01
2.450343603E+01  5.440644836E+01
2.452277403E+01  4.863462448E+01
2.454211203E+01  3.960000992E+01
2.456145003E+01  3.165715408E+01
2.458078803E+01  2.412415695E+01
2.460012603E+01  1.940598106E+01
2.461946403E+01  1.455474377E+01
2.463880203E+01  1.112226009E+01
2.465814003E+01  9.339727402E+00
2.467747803E+01  1.052813339E+01
2.469681603E+01  9.021101952E+00
2.471615403E+01  7.043561935E+00
2.473549203E+01  9.170001030E+00
2.475483003E+01  1.085278797E+01
2.477416803E+01  1.247515678E+01
2.479350603E+01  1.259998512E+01
2.481284403E+01  1.275935555E+01
2.483218203E+01  1.350289345E+01
2.485152003E+01  1.322761059E+01
2.487085803E+01  1.321208763E+01
2.489019603E+01  1.335183144E+01
2.490953403E+01  1.578989410E+01
2.492887203E+01  1.713123703E+01
2.494821003E+01  1.896250916E+01
2.496754803E+01  1.818994522E+01
2.498688603E+01  1.780670547E+01
2.500622403E+01  1.556719494E+01
2.502556203E+01  1.584840202E+01
2.504490003E+01  1.811840630E+01
2.506423803E+01  1.725572205E+01
2.508357603E+01  1.329759407E+01
2.510291403E+01  1.001006794E+01
2.512225203E+01  1.029718208E+01
2.514159003E+01  1.329276180E+01
2.516092803E+01  1.183405972E+01
2.518026603E+01  8.613369942E+00
2.519960403E+01  4.248590469E+00
2.521894203E+01  9.821974635E-01
2.523828003E+01  -1.619042397E+00
2.525761803E+01  -2.070809364E+00
2.527695603E+01  -1.206336379E+00
2.529629403E+01  -2.532119751E+00
2.531563203E+01  -1.330214977E+00
2.533497003E+01  -1.868440032E+00
2.535430803E+01  7.285292745E-01
2.537364603E+01  -2.310461849E-01
2.539298403E+01  7.157093883E-01
2.541232203E+01  5.156304240E-01
2.543166003E+01  3.393452883E+00
2.545099803E+01  2.492680550E+00
2.547033603E+01  5.858736038E+00
2.548967403E+01  8.553214073E+00
2.550901203E+01  1.130134010E+01
2.552835003E+01  1.012868309E+01
2.554768803E+01  6.784976959E+00
2.556702603E+01  4.108133793E+00
2.558636403E+01  4.068423271E+00
2.560570203E+01  6.741614342E+00
2.562504003E+01  9.196663857E+00
2.564437803E+01  5.714703083E+00
2.566371603E+01  4.634494781E+00
2.568305403E+01  5.599737167E+00
2.570239203E+01  7.454812050E+00
2.572173003E+01  6.205472469E+00
2.574106803E+01  5.834266186E+00
2.576040603E+01  7.975578308E+00
2.577974403E+01  1.088291073E+01
2.579908203E+01  1.485563469E+01
2.581842003E+01  1.556052303E+01
2.583775803E+01  1.482373142E+01
2.585709603E+01  1.582220173E+01
2.587643403E+01  1.904093933E+01
2.589577203E+01  2.209185028E+01
2.591511003E+01  2.315807915E+01
2.593444803E+01  2.770102882E+01
2.595378603E+01  3.363396072E+01
2.597312403E+01  3.828339386E+01
2.599246203E+01  4.184273911E+01
2.601180003E+01  4.602780914E+01
2.603113803E+01  5.077748871E+01
2.605047603E+01  5.759189224E+01
2.606981403E+01  6.657849121E+01
2.608915203E+01  8.084225464E+01
2.610849003E+01  9.645977020E+01
2.612782803E+01  1.139995193E+02
2.614716603E+01  1.312508698E+02
2.616650403E+01  1.506945648E+02
2.618584203E+01  1.646310883E+02
2.620518003E+01  1.732261200E+02
2.622451803E+01  1.742808228E+02
2.624385603E+01  1.706749115E+02
2.626319403E+01  1.627070007E+02
2.628253203E+01  1.537835846E+02
2.630187003E+01  1.479851990E+02
2.632120803E+01  1.430200653E+02
2.634054603E+01  1.399844971E+02
2.635988403E+01  1.358620605E+02
2.637922203E+01  1.374924622E+02
2.639856003E+01  1.416873322E+02
2.641789803E+01  1.495541382E+02
2.643723603E+01  1.606730499E+02
2.645657403E+01  1.720751190E+02
2.647591203E+01  1.882469330E+02
2.649525003E+01  2.131504364E+02
2.651458803E+01  2.240702820E+02
2.653392603E+01  2.295013428E+02
2.655326403E+01  2.193979187E+02
2.657260203E+01  2.039399109E+02
2.659194003E+01  1.877676086E+02
2.661127803E+01  1.686197052E+02
2.663061603E+01  1.389140472E+02
2.664995403E+01  1.247859879E+02
2.666929203E+01  1.139094238E+02
2.668863003E+01  1.202836761E+02
2.670796803E+01  1.224829483E+02
2.672730603E+01  1.240843658E+02
2.674664403E+01  9.415328217E+01
2.676598203E+01  6.832946014E+01
2.678532003E+01  7.441402435E+01
2.680465803E+01  9.210059357E+01
2.682399603E+01  1.087060471E+02
2.684333403E+01  1.437884216E+02
2.686267203E+01  1.881789093E+02
2.688201003E+01  2.494076080E+02
2.690134803E+01  3.076027222E+02
2.692068603E+01  3.615879517E+02
2.694002403E+01  3.925250854E+02
2.695936203E+01  3.802614441E+02
2.697870003E+01  3.471062012E+02
2.699803803E+01  2.978780212E+02
2.701737603E+01  2.567500305E+02
2.703671403E+01  2.070579529E+02
2.705605203E+01  1.567251587E+02
2.707539003E+01  1.199125061E+02
2.709472803E+01  8.472695923E+01
2.711406603E+01  5.074204636E+01
2.713340403E+01  3.286968994E+01
2.715274203E+01  2.477479362E+01
2.717208003E+01  2.219457436E+01
2.719141803E+01  1.298766422E+01
2.721075603E+01  7.680004597E+00
2.723009403E+01  4.431421280E+00
2.724943203E+01  -2.085043192E-01
2.726877003E+01  1.122183681E+00
2.728810803E+01  -1.291331172E+00
2.730744603E+01  4.416599751E+00
2.732678403E+01  4.301436615E+01
2.734612203E+01  7.382789612E+01
2.736546003E+01  8.771454620E+01
2.738479803E+01  9.089535522E+01
2.740413603E+01  9.011599731E+01
2.742347403E+01  1.021908951E+02
2.744281203E+01  1.091900787E+02
2.746215003E+01  1.167179108E+02
2.748148803E+01  1.186924362E+02
2.750082603E+01  1.232662582E+02
2.752016403E+01  1.266409836E+02
2.753950203E+01  1.285410767E+02
2.755884003E+01  1.295813293E+02
2.757817803E+01  1.310262909E+02
2.759751603E+01  1.330823059E+02
2.761685403E+01  1.357478333E+02
2.763619203E+01  1.397198639E+02
2.765553003E+01  1.408368530E+02
2.767486803E+01  1.410302887E+02
2.769420603E+01  1.404657898E+02
2.771354403E+01  1.364652710E+02
2.773288203E+01  1.313417358E+02
2.775222003E+01  1.260471191E+02
2.777155803E+01  1.239709473E+02
2.779089603E+01  1.162802429E+02
2.781023403E+01  1.074304352E+02
2.782957203E+01  9.828598785E+01
2.784891003E+01  9.618649292E+01
2.786824803E+01  9.693933868E+01
2.788758603E+01  9.501992035E+01
2.790692403E+01  9.510794067E+01
2.792626203E+01  9.632524872E+01
2.794560003E+01  9.625264740E+01
2.796493803E+01  9.224411011E+01
2.798427603E+01  9.258911133E+01
2.800361403E+01  9.870969391E+01
2.802295203E+01  1.091455688E+02
2.804229003E+01  1.182496643E+02
2.806162803E+01  1.261195755E+02
2.808096603E+01  1.373014374E+02
2.810030403E+01  1.492193604E+02
2.811964203E+01  1.658391266E+02
2.813898003E+01  1.726339264E+02
2.815831803E+01  1.704328918E+02
2.817765603E+01  1.633786163E+02
2.819699403E+01  1.482870331E+02
2.821633203E+01  1.199058304E+02
2.823567003E+01  9.423863983E+01
2.825500803E+01  7.545407104E+01
2.827434603E+01  6.562523651E+01
2.829368403E+01  6.147294998E+01
2.831302203E+01  6.777251434E+01
2.833236003E+01  6.803392029E+01
2.835169803E+01  7.213199615E+01
2.837103603E+01  7.165481567E+01
2.839037403E+01  7.401089478E+01
2.840971203E+01  7.610276031E+01
2.842905003E+01  7.209183502E+01
2.844838803E+01  6.474927521E+01
2.846772603E+01  6.096104050E+01
2.848706403E+01  6.194343948E+01
2.850640203E+01  6.098209000E+01
2.852574003E+01  5.936278534E+01
2.854507803E+01  5.908722305E+01
2.856441603E+01  6.519203949E+01
2.858375403E+01  6.600433350E+01
2.860309203E+01  6.755465698E+01
2.862243003E+01  6.757693481E+01
2.864176803E+01  6.732697296E+01
2.866110603E+01  7.073886871E+01
2.868044403E+01  7.530039215E+01
2.869978203E+01  7.648212433E+01
2.871912003E+01  7.915509796E+01
2.873845803E+01  8.560491180E+01
2.875779603E+01  9.308712006E+01
2.877713403E+01  9.951932526E+01
2.879647203E+01  9.837791443E+01
2.881581003E+01  9.861631775E+01
2.883514803E+01  9.597947693E+01
2.885448603E+01  9.482769012E+01
2.887382403E+01  9.352171326E+01
2.889316203E+01  9.583573151E+01
2.891250003E+01  9.574048615E+01
2.893183803E+01  9.171523285E+01
2.895117603E+01  8.638343811E+01
2.897051403E+01  8.535578918E+01
2.898985203E+01  8.371748352E+01
2.900919003E+01  8.414662933E+01
2.902852803E+01  8.193110657E+01
2.904786603E+01  7.807030487E+01
2.906720403E+01  6.864279175E+01
2.908654203E+01  6.075836945E+01
2.910588003E+01  5.788336182E+01
2.912521803E+01  5.555552292E+01
2.914455603E+01  5.361351395E+01
2.916389403E+01  5.139014053E+01
2.918323203E+01  4.850072861E+01
2.920257003E+01  3.737163925E+01
2.922190803E+01  3.528453445E+01
2.924124603E+01  3.620812225E+01
2.926058403E+01  4.006098938E+01
2.927992203E+01  3.798528290E+01
2.929926003E+01  4.120335388E+01
2.931859803E+01  3.858013916E+01
2.933793603E+01  3.572533798E+01
2.935727403E+01  3.941395569E+01
2.937661203E+01  4.150230789E+01
2.939595003E+01  4.379749680E+01
2.941528803E+01  4.985121155E+01
2.943462603E+01  6.306093216E+01
2.945396403E+01  7.263699341E+01
2.947330203E+01  7.349959564E+01
2.949264003E+01  6.622979736E+01
2.951197803E+01  6.648218536E+01
2.953131603E+01  7.853348541E+01
2.955065403E+01  8.766181183E+01
2.956999203E+01  8.814174652E+01
2.958933003E+01  9.200217438E+01
2.960866803E+01  9.369448853E+01
2.962800603E+01  8.065982056E+01
2.964734403E+01  6.558563995E+01
2.966668203E+01  6.242054367E+01
2.968602003E+01  6.777565765E+01
2.970535803E+01  6.176140213E+01
2.972469603E+01  5.241276169E+01
2.974403403E+01  3.555882645E+01
2.976337203E+01  1.464124680E+01
2.978271003E+01  1.004961395E+01
2.980204803E+01  4.964440346E+00
2.982138603E+01  9.092569351E+00
2.984072403E+01  1.491951084E+01
2.986006203E+01  9.410879135E+00
2.987940003E+01  -1.561467075E+01
2.989873803E+01  -2.135093880E+01
2.991807602E+01  -8.364124298E+00
2.993741402E+01  9.135805130E+00
2.995675202E+01  7.912324905E+00
2.997609002E+01  6.806051254E+00
2.999542802E+01  -6.563716888E+00
