4.024494042E+00  4.613241196E+00
4.043832042E+00  7.457251072E+00
4.063170041E+00  8.188728333E+00
4.082508041E+00  7.518904686E+00
4.101846041E+00  7.399745941E+00
4.121184041E+00  4.110211372E+00
4.140522041E+00  1.638137579E+00
4.159860041E+00  1.758784175E+00
4.179198041E+00  1.930781484E+00
4.198536041E+00  3.265626669E+00
4.217874041E+00  2.044575214E+00
4.237212041E+00  1.803493977E+00
4.256550041E+00  1.289946079E+00
4.275888041E+00  2.938715935E+00
4.295226041E+00  1.668247938E+00
4.314564041E+00  9.973539710E-01
4.333902041E+00  1.119921803E+00
4.353240041E+00  3.091471434E+00
4.372578041E+00  3.119122267E+00
4.391916041E+00  -1.274064064E+00
4.411254041E+00  -2.025929213E+00
4.430592041E+00  -1.244176745E+00
4.449930041E+00  7.216354609E-01
4.469268041E+00  1.149957776E+00
4.488606041E+00  2.999627113E+00
4.507944041E+00  7.694738865E+00
4.527282041E+00  1.642684937E+01
4.546620041E+00  2.982551765E+01
4.565958041E+00  5.199833679E+01
4.585296041E+00  7.303977203E+01
4.604634041E+00  8.142356110E+01
4.623972041E+00  7.233695221E+01
4.643310041E+00  5.442997360E+01
4.662648041E+00  3.672352600E+01
4.681986041E+00  2.276180077E+01
4.701324041E+00  1.517964077E+01
4.720662041E+00  1.090532875E+01
4.740000041E+00  8.329582214E+00
4.759338041E+00  8.468153000E+00
4.778676041E+00  7.024984360E+00
4.798014041E+00  9.653816223E+00
4.817352041E+00  1.298756981E+01
4.836690041E+00  2.188182259E+01
4.856028041E+00  3.539068985E+01
4.875366041E+00  5.458596802E+01
4.894704041E+00  7.162676239E+01
4.914042041E+00  7.484306335E+01
4.933380041E+00  6.586742401E+01
4.952718041E+00  5.174786758E+01
4.972056041E+00  3.806228638E+01
4.991394041E+00  2.826797867E+01
5.010732041E+00  2.213129807E+01
5.030070041E+00  2.060189819E+01
5.049408041E+00  1.872047997E+01
5.068746041E+00  1.931802750E+01
5.088084041E+00  1.781447220E+01
5.107422041E+00  1.682569885E+01
5.126760041E+00  1.963214302E+01
5.146098041E+00  2.199286461E+01
5.165436041E+00  2.667545128E+01
5.184774041E+00  2.416998482E+01
5.204112041E+00  2.631587982E+01
5.223450041E+00  3.033421326E+01
5.242788041E+00  4.248969269E+01
5.262126041E+00  5.747380829E+01
5.281464041E+00  7.855383301E+01
5.300802041E+00  9.778678131E+01
5.320140041E+00  1.168985901E+02
5.339478041E+00  1.243190689E+02
5.358816041E+00  1.235703812E+02
5.378154041E+00  1.211542358E+02
5.397492041E+00  1.136864090E+02
5.416830041E+00  1.052245941E+02
5.436168041E+00  9.312730408E+01
5.455506041E+00  7.265288544E+01
5.474844041E+00  5.611672974E+01
5.494182041E+00  4.017784500E+01
5.513520041E+00  3.092126846E+01
5.532858041E+00  2.753967094E+01
5.552196041E+00  2.608986473E+01
5.571534041E+00  2.516483307E+01
5.590872041E+00  2.023693848E+01
5.610210041E+00  2.046935844E+01
5.629548040E+00  2.077705765E+01
5.648886040E+00  1.917144585E+01
5.668224040E+00  1.598395538E+01
5.687562040E+00  1.411427879E+01
5.706900040E+00  1.297441769E+01
5.726238040E+00  1.325866032E+01
5.745576040E+00  1.336323833E+01
5.764914040E+00  1.699909401E+01
5.784252040E+00  2.425242233E+01
5.803590040E+00  3.505145645E+01
5.822928040E+00  5.121506500E+01
5.842266040E+00  6.400379181E+01
5.861604040E+00  6.941235352E+01
5.880942040E+00  5.981858063E+01
5.900280040E+00  4.386018753E+01
5.919618040E+00  2.668234444E+01
5.938956040E+00  1.512449646E+01
5.958294040E+00  7.148385048E+00
5.977632040E+00  5.398401260E+00
5.996970040E+00  9.328830719E+00
6.016308040E+00  1.915751839E+01
6.035646040E+00  3.788813019E+01
6.054984040E+00  5.787564087E+01
6.074322040E+00  7.803243256E+01
6.093660040E+00  9.354511261E+01
6.112998040E+00  9.598106384E+01
6.132336040E+00  8.652252960E+01
6.151674040E+00  6.862712860E+01
6.171012040E+00  5.349876404E+01
6.190350040E+00  3.668976593E+01
6.209688040E+00  2.283595848E+01
6.229026040E+00  1.159006977E+01
6.248364040E+00  6.272603989E+00
6.267702040E+00  3.119651556E+00
6.287040040E+00  -3.771390319E-01
6.306378040E+00  -9.719080329E-01
6.325716040E+00  -1.387491107E+00
6.345054040E+00  -6.695556045E-01
6.364392040E+00  -1.197112679E+00
6.383730040E+00  -7.245267630E-01
6.403068040E+00  -1.561931372E-01
6.422406040E+00  -2.131867558E-01
6.441744040E+00  1.373926997E-01
6.461082040E+00  -7.123801708E-01
6.480420040E+00  -7.444372773E-01
6.499758040E+00  -1.548508406E+00
6.519096040E+00  -1.444143206E-01
6.538434040E+00  -1.098791957E+00
6.557772040E+00  -1.424168706E+00
6.577110040E+00  -2.614508867E+00
6.596448040E+00  -3.332262337E-01
6.615786040E+00  1.395145535E+00
6.635124040E+00  1.040157199E+00
6.654462040E+00  2.107175350E+00
6.673800040E+00  3.878822327E+00
6.693138040E+00  4.583422661E+00
6.712476040E+00  5.542209148E+00
6.731814040E+00  4.895513535E+00
6.751152040E+00  5.030251980E+00
6.770490040E+00  2.196991205E+00
6.789828040E+00  1.859802842E+00
6.809166040E+00  1.584084153E+00
6.828504040E+00  2.219427586E+00
6.847842040E+00  2.586030483E+00
6.867180040E+00  1.140233397E+00
6.886518040E+00  -2.912891842E-02
6.905856040E+00  -1.888090968E+00
6.925194040E+00  -2.380880356E+00
6.944532040E+00  -4.936216474E-01
6.963870040E+00  1.318191767E+00
6.983208040E+00  3.617264509E+00
7.002546040E+00  3.436543941E+00
7.021884040E+00  4.515202045E+00
7.041222040E+00  4.340522289E+00
7.060560040E+00  3.708709717E+00
7.079898040E+00  2.138848543E+00
7.099236040E+00  1.959159225E-01
7.118574040E+00  9.278084636E-01
7.137912040E+00  3.378173590E+00
7.157250040E+00  2.267206669E+00
7.176588040E+00  1.755823016E+00
7.195926039E+00  2.630722761E+00
7.215264039E+00  3.673660994E+00
7.234602039E+00  3.562941074E+00
7.253940039E+00  2.211551905E+00
7.273278039E+00  1.729446888E+00
7.292616039E+00  1.204182982E+00
7.311954039E+00  3.028674603E+00
7.331292039E+00  2.516909838E+00
7.350630039E+00  4.979364276E-01
7.369968039E+00  -1.951726198E+00
7.389306039E+00  -1.941937089E+00
7.408644039E+00  -1.902736306E+00
7.427982039E+00  -1.525522113E+00
7.447320039E+00  -1.582891583E+00
7.466658039E+00  -2.166939020E+00
7.485996039E+00  -1.042791128E+00
7.505334039E+00  -5.304606557E-01
7.524672039E+00  -1.205902547E-01
7.544010039E+00  8.348540664E-01
7.563348039E+00  1.734867334E+00
7.582686039E+00  5.191787243E+00
7.602024039E+00  9.243921280E+00
7.621362039E+00  1.222295856E+01
7.640700039E+00  1.535453606E+01
7.660038039E+00  1.678776169E+01
7.679376039E+00  1.608885193E+01
7.698714039E+00  1.217250633E+01
7.718052039E+00  1.053456593E+01
7.737390039E+00  8.031294823E+00
7.756728039E+00  7.359588623E+00
7.776066039E+00  7.491784096E+00
7.795404039E+00  7.884145737E+00
7.814742039E+00  1.193120384E+01
7.834080039E+00  1.899211693E+01
7.853418039E+00  3.100395393E+01
7.872756039E+00  5.241259766E+01
7.892094039E+00  9.088710022E+01
7.911432039E+00  1.454520111E+02
7.930770039E+00  2.054800720E+02
7.950108039E+00  2.668106079E+02
7.969446039E+00  2.751294250E+02
7.988784039E+00  2.396375427E+02
8.008122039E+00  1.987411041E+02
8.027460039E+00  1.626115112E+02
8.046798039E+00  1.315256958E+02
8.066136039E+00  1.164704437E+02
8.085474039E+00  1.118792038E+02
8.104812039E+00  1.099651031E+02
8.124150039E+00  1.049787903E+02
8.143488039E+00  9.688449860E+01
8.162826039E+00  8.863393402E+01
8.182164039E+00  8.277378845E+01
8.201502039E+00  7.836927795E+01
8.220840039E+00  7.683916473E+01
8.240178039E+00  7.348994446E+01
8.259516039E+00  6.655493164E+01
8.278854039E+00  5.899600601E+01
8.298192039E+00  4.597535324E+01
8.317530039E+00  3.253270340E+01
8.336868039E+00  1.960780716E+01
8.356206039E+00  1.130242062E+01
8.375544039E+00  6.058288097E+00
8.394882039E+00  2.923519850E+00
8.414220039E+00  3.233494163E-01
8.433558039E+00  -1.850500345E+00
8.452896039E+00  -2.846500397E+00
8.472234039E+00  -1.327967525E+00
8.491572039E+00  1.868150830E+00
8.510910039E+00  1.752030611E+00
8.530248039E+00  3.113344669E+00
8.549586039E+00  4.719748974E+00
8.568924039E+00  8.746565819E+00
8.588262039E+00  1.185637283E+01
8.607600039E+00  1.965504646E+01
8.626938039E+00  3.039268684E+01
8.646276039E+00  4.683006287E+01
8.665614039E+00  6.864118958E+01
8.684952039E+00  1.051139984E+02
8.704290039E+00  1.707562866E+02
8.723628039E+00  2.831155396E+02
8.742966039E+00  4.614980774E+02
8.762304038E+00  6.720294800E+02
8.781642038E+00  8.628339233E+02
8.800980038E+00  9.246536865E+02
8.820318038E+00  8.376961670E+02
8.839656038E+00  6.586021729E+02
8.858994038E+00  4.727100525E+02
8.878332038E+00  3.183341064E+02
8.897670038E+00  2.138648376E+02
8.917008038E+00  1.427372589E+02
8.936346038E+00  9.771804047E+01
8.955684038E+00  6.824954987E+01
8.975022038E+00  5.349233627E+01
8.994360038E+00  4.310680389E+01
9.013698038E+00  3.928691483E+01
9.033036038E+00  3.704753494E+01
9.052374038E+00  3.226858902E+01
9.071712038E+00  2.362913704E+01
9.091050038E+00  1.426215744E+01
9.110388038E+00  1.735608673E+01
9.129726038E+00  3.380154419E+01
9.149064038E+00  5.727751160E+01
9.168402038E+00  7.476668549E+01
9.187740038E+00  8.559774780E+01
9.207078038E+00  8.765601349E+01
9.226416038E+00  8.088076019E+01
9.245754038E+00  6.978990936E+01
9.265092038E+00  5.698778915E+01
9.284430038E+00  4.516861343E+01
9.303768038E+00  3.529245758E+01
9.323106038E+00  3.111434937E+01
9.342444038E+00  3.276483917E+01
9.361782038E+00  3.564281082E+01
9.381120038E+00  3.556834793E+01
9.400458038E+00  3.206422806E+01
9.419796038E+00  2.981173515E+01
9.439134038E+00  3.126469994E+01
9.458472038E+00  3.545224762E+01
9.477810038E+00  4.325175476E+01
9.497148038E+00  5.233418274E+01
9.516486038E+00  6.244167328E+01
9.535824038E+00  6.855652618E+01
9.555162038E+00  6.629646301E+01
9.574500038E+00  5.762804794E+01
9.593838038E+00  4.523557281E+01
9.613176038E+00  3.266830826E+01
9.632514038E+00  2.168501472E+01
9.651852038E+00  1.337381077E+01
9.671190038E+00  7.409777164E+00
9.690528038E+00  4.148475647E+00
9.709866038E+00  3.399648190E+00
9.729204038E+00  5.316882610E+00
9.748542038E+00  8.962083817E+00
9.767880038E+00  1.561799049E+01
9.787218038E+00  2.486850929E+01
9.806556038E+00  3.415635300E+01
9.825894038E+00  4.014852524E+01
9.845232038E+00  4.308058167E+01
9.864570038E+00  4.010087204E+01
9.883908038E+00  3.589847946E+01
9.903246038E+00  2.761535645E+01
9.922584038E+00  1.840856171E+01
9.941922038E+00  1.031186390E+01
9.961260038E+00  3.525533676E+00
9.980598038E+00  -1.810702920E+00
9.999936038E+00  -5.518049240E+00
1.001927404E+01  -7.260959625E+00
1.003861204E+01  -9.209005356E+00
1.005795004E+01  -9.450201988E+00
1.007728804E+01  -7.896528244E+00
1.009662604E+01  -6.775630951E+00
1.011596404E+01  -2.024135351E+00
1.013530204E+01  4.339544773E+00
1.015464004E+01  1.234410954E+01
1.017397804E+01  2.183098793E+01
1.019331604E+01  3.078465652E+01
1.021265404E+01  4.123179626E+01
1.023199204E+01  4.979230881E+01
1.025133004E+01  5.479649734E+01
1.027066804E+01  5.922596359E+01
1.029000604E+01  6.355881882E+01
1.030934404E+01  6.784046936E+01
1.032868204E+01  7.374805450E+01
1.034802004E+01  8.257602692E+01
1.036735804E+01  9.185406494E+01
1.038669604E+01  1.070113602E+02
1.040603404E+01  1.231424637E+02
1.042537204E+01  1.404482117E+02
1.044471004E+01  1.510618286E+02
1.046404804E+01  1.563385468E+02
1.048338604E+01  1.571113739E+02
1.050272404E+01  1.623278351E+02
1.052206204E+01  1.731180573E+02
1.054140004E+01  1.932613220E+02
1.056073804E+01  2.156662598E+02
1.058007604E+01  2.380266113E+02
1.059941404E+01  2.573104553E+02
1.061875204E+01  2.731691589E+02
1.063809004E+01  2.849238892E+02
1.065742804E+01  2.937573242E+02
1.067676604E+01  3.035675354E+02
1.069610404E+01  3.096536865E+02
1.071544204E+01  3.129651184E+02
1.073478004E+01  3.133072510E+02
1.075411804E+01  3.099194336E+02
1.077345604E+01  3.040957947E+02
1.079279404E+01  2.939972229E+02
1.081213204E+01  2.826030884E+02
1.083147004E+01  2.689769897E+02
1.085080804E+01  2.536159821E+02
1.087014604E+01  2.350598907E+02
1.088948404E+01  2.118576202E+02
1.090882204E+01  1.896228638E+02
1.092816004E+01  1.660472412E+02
1.094749804E+01  1.467850494E+02
1.096683604E+01  1.268456573E+02
1.098617404E+01  1.093080826E+02
1.100551204E+01  9.498184204E+01
1.102485004E+01  8.203128815E+01
1.104418804E+01  6.812791443E+01
1.106352604E+01  5.753655243E+01
1.108286404E+01  5.322354889E+01
1.110220204E+01  5.436260605E+01
1.112154004E+01  5.696443939E+01
1.114087804E+01  6.332600403E+01
1.116021604E+01  7.133129120E+01
1.117955404E+01  8.513856506E+01
1.119889204E+01  1.017282639E+02
1.121823004E+01  1.244520416E+02
1.123756804E+01  1.541053162E+02
1.125690604E+01  1.877702942E+02
1.127624404E+01  2.282690582E+02
1.129558204E+01  2.755113220E+02
1.131492004E+01  3.319777527E+02
1.133425804E+01  4.006011353E+02
1.135359604E+01  4.808713379E+02
1.137293404E+01  5.748553467E+02
1.139227204E+01  6.830349121E+02
1.141161004E+01  8.031603394E+02
1.143094804E+01  9.141006470E+02
1.145028604E+01  9.866234741E+02
1.146962404E+01  9.957613525E+02
1.148896204E+01  9.330590820E+02
1.150830004E+01  8.200913086E+02
1.152763804E+01  6.815889282E+02
1.154697604E+01  5.477991943E+02
1.156631404E+01  4.347302856E+02
1.158565204E+01  3.404544983E+02
1.160499004E+01  2.695054932E+02
1.162432804E+01  2.149452820E+02
1.164366604E+01  1.718766632E+02
1.166300404E+01  1.354726715E+02
1.168234204E+01  1.049244385E+02
1.170168004E+01  7.854891205E+01
1.172101804E+01  5.874614334E+01
1.174035604E+01  4.223585129E+01
1.175969404E+01  3.076567459E+01
1.177903204E+01  2.158455467E+01
1.179837004E+01  1.664147758E+01
1.181770804E+01  1.225100040E+01
1.183704604E+01  1.185813332E+01
1.185638404E+01  1.131422710E+01
1.187572204E+01  1.273048210E+01
1.189506004E+01  1.364103222E+01
1.191439804E+01  1.574342346E+01
1.193373604E+01  2.047551537E+01
1.195307404E+01  2.970663261E+01
1.197241204E+01  3.956423569E+01
1.199175004E+01  4.713678360E+01
1.201108804E+01  5.115122986E+01
1.203042604E+01  5.621690750E+01
1.204976404E+01  6.010360718E+01
1.206910204E+01  6.260412216E+01
1.208844004E+01  6.572515106E+01
1.210777804E+01  7.154351044E+01
1.212711604E+01  7.853227997E+01
1.214645404E+01  8.749684906E+01
1.216579204E+01  9.775778198E+01
1.218513004E+01  1.091769028E+02
1.220446804E+01  1.180247650E+02
1.222380604E+01  1.274207916E+02
1.224314404E+01  1.374661102E+02
1.226248204E+01  1.478817139E+02
1.228182004E+01  1.571010132E+02
1.230115804E+01  1.662876129E+02
1.232049604E+01  1.794232330E+02
1.233983404E+01  1.963787384E+02
1.235917204E+01  2.171709747E+02
1.237851004E+01  2.296631775E+02
1.239784804E+01  2.239952087E+02
1.241718604E+01  1.993112640E+02
1.243652404E+01  1.710963287E+02
1.245586204E+01  1.447350159E+02
1.247520004E+01  1.169454193E+02
1.249453804E+01  9.801733398E+01
1.251387604E+01  7.975542450E+01
1.253321404E+01  6.586569214E+01
1.255255204E+01  5.146277618E+01
1.257189004E+01  3.916322708E+01
1.259122804E+01  3.014848709E+01
1.261056604E+01  2.387511063E+01
1.262990404E+01  1.900590515E+01
1.264924204E+01  1.340748596E+01
1.266858004E+01  9.611470222E+00
1.268791804E+01  6.993181705E+00
1.270725604E+01  8.401046753E+00
1.272659404E+01  1.034727001E+01
1.274593204E+01  1.242873478E+01
1.276527004E+01  1.473032570E+01
1.278460804E+01  1.757248878E+01
1.280394604E+01  2.245214844E+01
1.282328404E+01  2.909300613E+01
1.284262204E+01  3.840989685E+01
1.286196004E+01  4.978540421E+01
1.288129804E+01  6.163016129E+01
1.290063604E+01  7.775688171E+01
1.291997404E+01  9.909081268E+01
1.293931204E+01  1.294460907E+02
1.295865004E+01  1.730836182E+02
1.297798804E+01  2.317767639E+02
1.299732604E+01  3.075910950E+02
1.301666404E+01  3.932373962E+02
1.303600204E+01  4.782351685E+02
1.305534004E+01  5.421950684E+02
1.307467804E+01  5.804788818E+02
1.309401604E+01  5.981914062E+02
1.311335404E+01  6.060730591E+02
1.313269204E+01  6.111122437E+02
1.315203004E+01  6.175371704E+02
1.317136804E+01  6.205418701E+02
1.319070604E+01  6.166557617E+02
1.321004404E+01  6.002377319E+02
1.322938204E+01  5.761639404E+02
1.324872004E+01  5.433958130E+02
1.326805804E+01  5.039343262E+02
1.328739604E+01  4.595094604E+02
1.330673404E+01  4.139876709E+02
1.332607204E+01  3.687723389E+02
1.334541004E+01  3.267146301E+02
1.336474804E+01  2.869308167E+02
1.338408604E+01  2.516194458E+02
1.340342404E+01  2.197213440E+02
1.342276204E+01  1.927817841E+02
1.344210004E+01  1.686697998E+02
1.346143804E+01  1.484575806E+02
1.348077604E+01  1.330803223E+02
1.350011404E+01  1.177555084E+02
1.351945204E+01  1.057281799E+02
1.353879004E+01  9.577000427E+01
1.355812804E+01  9.048127747E+01
1.357746604E+01  8.975721741E+01
1.359680404E+01  8.915832520E+01
1.361614204E+01  9.260543823E+01
1.363548004E+01  9.905456543E+01
1.365481804E+01  1.135928116E+02
1.367415604E+01  1.314237061E+02
1.369349404E+01  1.600196075E+02
1.371283204E+01  1.992927704E+02
1.373217004E+01  2.484564514E+02
1.375150804E+01  2.991782532E+02
1.377084604E+01  3.445332642E+02
1.379018404E+01  3.891946106E+02
1.380952204E+01  4.134343262E+02
1.382886004E+01  3.864587708E+02
1.384819804E+01  3.692954712E+02
1.386753604E+01  3.717027588E+02
1.388687404E+01  3.561241150E+02
1.390621204E+01  3.134457092E+02
1.392555004E+01  2.935396729E+02
1.394488804E+01  2.528440857E+02
1.396422604E+01  1.797388611E+02
1.398356404E+01  8.009505463E+01
1.400290204E+01  5.246919990E-01
1.402224004E+01  1.777637482E+02
1.404157804E+01  2.122134399E+02
1.406091604E+01  1.846880493E+02
1.408025404E+01  2.208662872E+02
1.409959204E+01  1.958189087E+02
1.411893004E+01  2.813423729E+01
1.413826804E+01  1.850457191E+00
1.415760604E+01  2.090426025E+02
1.417694404E+01  2.309965973E+02
1.419628204E+01  1.442754059E+02
1.421562004E+01  1.183577347E+02
1.423495804E+01  1.093814392E+02
1.425429603E+01  9.839080811E+01
1.427363403E+01  8.691301727E+01
1.429297203E+01  7.547543335E+01
1.431231003E+01  6.761614990E+01
1.433164803E+01  5.922430038E+01
1.435098603E+01  5.258594131E+01
1.437032403E+01  4.578911972E+01
1.438966203E+01  4.016526413E+01
1.440900003E+01  3.627771378E+01
1.442833803E+01  3.331649399E+01
1.444767603E+01  3.001091576E+01
1.446701403E+01  2.644575691E+01
1.448635203E+01  2.368404770E+01
1.450569003E+01  2.369896889E+01
1.452502803E+01  2.429475212E+01
1.454436603E+01  2.362108803E+01
1.456370403E+01  2.252932549E+01
1.458304203E+01  2.189524269E+01
1.460238003E+01  2.095521355E+01
1.462171803E+01  2.147492981E+01
1.464105603E+01  2.165612793E+01
1.466039403E+01  2.640198517E+01
1.467973203E+01  3.170529938E+01
1.469907003E+01  3.572125244E+01
1.471840803E+01  3.770490646E+01
1.473774603E+01  3.935642624E+01
1.475708403E+01  3.812259674E+01
1.477642203E+01  3.505228806E+01
1.479576003E+01  3.177328300E+01
1.481509803E+01  2.765411949E+01
1.483443603E+01  2.034342384E+01
1.485377403E+01  8.647335052E+00
1.487311203E+01  -1.980484843E+00
1.489245003E+01  -6.951067448E+00
1.491178803E+01  -3.512299776E+00
1.493112603E+01  -2.025338858E-01
1.495046403E+01  2.078366995E+00
1.496980203E+01  3.182069778E+00
1.498914003E+01  7.095072269E+00
1.500847803E+01  1.101854038E+01
1.502781603E+01  1.671889114E+01
1.504715403E+01  2.417233276E+01
1.506649203E+01  3.561563492E+01
1.508583003E+01  5.087085342E+01
1.510516803E+01  6.401254272E+01
1.512450603E+01  7.395860291E+01
1.514384403E+01  8.306498718E+01
1.516318203E+01  8.874900818E+01
1.518252003E+01  8.829862976E+01
1.520185803E+01  8.184518433E+01
1.522119603E+01  7.620242310E+01
1.524053403E+01  6.480403137E+01
1.525987203E+01  5.277226257E+01
1.527921003E+01  4.095109558E+01
1.529854803E+01  3.195729065E+01
1.531788603E+01  2.383393288E+01
1.533722403E+01  1.684877586E+01
1.535656203E+01  9.560409546E+00
1.537590003E+01  4.536508083E+00
1.539523803E+01  3.213208437E+00
1.541457603E+01  3.533291101E+00
1.543391403E+01  5.060433388E+00
1.545325203E+01  5.188925743E+00
1.547259003E+01  4.398061752E+00
1.549192803E+01  3.328306198E+00
1.551126603E+01  3.966108561E+00
1.553060403E+01  2.713478565E+00
1.554994203E+01  6.311468482E-01
1.556928003E+01  -1.912756562E+00
1.558861803E+01  -3.105742693E+00
1.560795603E+01  -2.539600372E+00
1.562729403E+01  -5.717275143E-01
1.564663203E+01  2.001036882E+00
1.566597003E+01  2.442653894E+00
1.568530803E+01  4.428221226E+00
1.570464603E+01  8.239528656E+00
1.572398403E+01  1.311392784E+01
1.574332203E+01  1.644696999E+01
1.576266003E+01  2.040299606E+01
1.578199803E+01  2.709066582E+01
1.580133603E+01  3.357468033E+01
1.582067403E+01  4.053104782E+01
1.584001203E+01  4.612916183E+01
1.585935003E+01  5.339068222E+01
1.587868803E+01  6.210677338E+01
1.589802603E+01  7.627779388E+01
1.591736403E+01  7.760718536E+01
1.593670203E+01  8.796583557E+01
1.595604003E+01  1.001960373E+02
1.597537803E+01  1.243665771E+02
1.599471603E+01  1.360511017E+02
1.601405403E+01  1.454091187E+02
1.603339203E+01  1.461916656E+02
1.605273003E+01  1.429619598E+02
1.607206803E+01  1.514203796E+02
1.609140603E+01  1.835296936E+02
1.611074403E+01  2.182421265E+02
1.613008203E+01  2.460469208E+02
1.614942003E+01  3.087486877E+02
1.616875803E+01  3.804916382E+02
1.618809603E+01  4.738978882E+02
1.620743403E+01  5.787137451E+02
1.622677203E+01  6.386730347E+02
1.624611003E+01  6.202055054E+02
1.626544803E+01  5.645211792E+02
1.628478603E+01  4.674445496E+02
1.630412403E+01  3.680628357E+02
1.632346203E+01  2.767782593E+02
1.634280003E+01  1.944160156E+02
1.636213803E+01  9.763669586E+01
1.638147603E+01  4.930005264E+01
1.640081403E+01  2.281411362E+01
1.642015203E+01  1.573063278E+01
1.643949003E+01  1.122264957E+01
1.645882803E+01  6.462653637E+00
1.647816603E+01  2.530303240E+00
1.649750403E+01  -2.394275516E-01
1.651684203E+01  9.668976068E-01
1.653618003E+01  1.206559896E+00
1.655551803E+01  4.869066715E+00
1.657485603E+01  6.398811340E+00
1.659419403E+01  8.362456322E+00
1.661353203E+01  8.599818230E+00
1.663287003E+01  1.002977467E+01
1.665220803E+01  1.053845692E+01
1.667154603E+01  1.170214558E+01
1.669088403E+01  1.596062279E+01
1.671022203E+01  2.433982277E+01
1.672956003E+01  3.533514404E+01
1.674889803E+01  4.716364288E+01
1.676823603E+01  6.093201447E+01
1.678757403E+01  7.789855194E+01
1.680691203E+01  1.074658279E+02
1.682625003E+01  1.489292297E+02
1.684558803E+01  2.018060913E+02
1.686492603E+01  2.667355347E+02
1.688426403E+01  3.445166626E+02
1.690360203E+01  4.238208313E+02
1.692294003E+01  4.918182983E+02
1.694227803E+01  5.371994629E+02
1.696161603E+01  5.504554443E+02
1.698095403E+01  5.287090454E+02
1.700029203E+01  4.802544556E+02
1.701963003E+01  4.146093445E+02
1.703896803E+01  3.466441040E+02
1.705830603E+01  2.834917297E+02
1.707764403E+01  2.290402985E+02
1.709698203E+01  1.848682556E+02
1.711632003E+01  1.483744354E+02
1.713565803E+01  1.182895660E+02
1.715499603E+01  9.400087738E+01
1.717433403E+01  7.626800537E+01
1.719367203E+01  5.899885559E+01
1.721301003E+01  4.542315674E+01
1.723234803E+01  3.355857849E+01
1.725168603E+01  2.651464844E+01
1.727102403E+01  1.868442726E+01
1.729036203E+01  1.152966404E+01
1.730970003E+01  6.279031277E+00
1.732903803E+01  2.179358244E+00
1.734837603E+01  -3.194069386E+00
1.736771403E+01  -6.759529114E+00
1.738705203E+01  -6.334621906E+00
1.740639003E+01  -5.501748562E+00
1.742572803E+01  -7.028764248E+00
1.744506603E+01  -1.150716019E+01
1.746440403E+01  -1.254469204E+01
1.748374203E+01  -5.919428825E+00
1.750308003E+01  9.819656372E+00
1.752241803E+01  3.037661552E+01
1.754175603E+01  5.166653061E+01
1.756109403E+01  7.402304077E+01
1.758043203E+01  1.004461212E+02
1.759977003E+01  1.275532913E+02
1.761910803E+01  1.539877777E+02
1.763844603E+01  1.674812775E+02
1.765778403E+01  1.685668640E+02
1.767712203E+01  1.542664185E+02
1.769646003E+01  1.362103424E+02
1.771579803E+01  1.178769989E+02
1.773513603E+01  1.038107529E+02
1.775447403E+01  9.521253967E+01
1.777381203E+01  9.136464691E+01
1.779315003E+01  8.890515137E+01
1.781248803E+01  8.711037445E+01
1.783182603E+01  9.185385895E+01
1.785116403E+01  9.899921417E+01
1.787050203E+01  1.079474182E+02
1.788984003E+01  1.191837463E+02
1.790917803E+01  1.371068420E+02
1.792851603E+01  1.612442932E+02
1.794785403E+01  1.912311249E+02
1.796719203E+01  2.225871582E+02
1.798653003E+01  2.567160645E+02
1.800586803E+01  2.902277527E+02
1.802520603E+01  3.161604309E+02
1.804454403E+01  3.366184387E+02
1.806388203E+01  3.463929138E+02
1.808322003E+01  3.460564270E+02
1.810255803E+01  3.371886902E+02
1.812189603E+01  3.211666870E+02
1.814123403E+01  3.004694824E+02
1.816057203E+01  2.745445862E+02
1.817991003E+01  2.485824280E+02
1.819924803E+01  2.230392151E+02
1.821858603E+01  2.016316528E+02
1.823792403E+01  1.815651550E+02
1.825726203E+01  1.648907471E+02
1.827660003E+01  1.523549957E+02
1.829593803E+01  1.435293121E+02
1.831527603E+01  1.371366882E+02
1.833461403E+01  1.335184021E+02
1.835395203E+01  1.292983856E+02
1.837329003E+01  1.301752167E+02
1.839262803E+01  1.333529358E+02
1.841196603E+01  1.379552155E+02
1.843130403E+01  1.456158752E+02
1.845064203E+01  1.568904877E+02
1.846998003E+01  1.723130341E+02
1.848931803E+01  1.889406128E+02
1.850865603E+01  2.096880646E+02
1.852799403E+01  2.343720245E+02
1.854733203E+01  2.613609924E+02
1.856667003E+01  2.902940369E+02
1.858600803E+01  3.192342834E+02
1.860534603E+01  3.468013306E+02
1.862468403E+01  3.682420349E+02
1.864402203E+01  3.872951355E+02
1.866336003E+01  4.009096680E+02
1.868269803E+01  4.109259033E+02
1.870203603E+01  4.111183167E+02
1.872137403E+01  4.051094055E+02
1.874071203E+01  3.914272461E+02
1.876005003E+01  3.739458008E+02
1.877938803E+01  3.507729797E+02
1.879872603E+01  3.211992493E+02
1.881806403E+01  2.922807922E+02
1.883740203E+01  2.640343323E+02
1.885674003E+01  2.358581085E+02
1.887607803E+01  2.087442322E+02
1.889541603E+01  1.825433197E+02
1.891475403E+01  1.574552765E+02
1.893409203E+01  1.331000366E+02
1.895343003E+01  1.128208466E+02
1.897276803E+01  9.483998108E+01
1.899210603E+01  7.966601562E+01
1.901144403E+01  6.506402588E+01
1.903078203E+01  5.337955856E+01
1.905012003E+01  4.467000580E+01
1.906945803E+01  3.820898438E+01
1.908879603E+01  3.226492310E+01
1.910813403E+01  2.779660606E+01
1.912747203E+01  2.618781853E+01
1.914681003E+01  2.463893700E+01
1.916614803E+01  2.513886642E+01
1.918548603E+01  2.801802254E+01
1.920482403E+01  3.268344879E+01
1.922416203E+01  4.106998825E+01
1.924350003E+01  5.231973648E+01
1.926283803E+01  6.778107452E+01
1.928217603E+01  8.434998322E+01
1.930151403E+01  9.742291260E+01
1.932085203E+01  1.030545349E+02
1.934019003E+01  1.025014191E+02
1.935952803E+01  9.515908051E+01
1.937886603E+01  8.418843079E+01
1.939820403E+01  7.119032288E+01
1.941754203E+01  5.881231689E+01
1.943688003E+01  4.541876984E+01
1.945621803E+01  3.448298264E+01
1.947555603E+01  2.501785660E+01
1.949489403E+01  1.731758881E+01
1.951423203E+01  1.208244705E+01
1.953357003E+01  1.024151707E+01
1.955290803E+01  1.105036831E+01
1.957224603E+01  1.102392197E+01
1.959158403E+01  1.149772835E+01
1.961092203E+01  1.250004578E+01
1.963026003E+01  1.601746750E+01
1.964959803E+01  1.909892845E+01
1.966893603E+01  2.305883789E+01
1.968827403E+01  2.600026321E+01
1.970761203E+01  2.654322243E+01
1.972695003E+01  2.544795990E+01
1.974628803E+01  2.380734253E+01
1.976562603E+01  2.114866447E+01
1.978496403E+01  1.830498314E+01
1.980430203E+01  1.341072941E+01
1.982364003E+01  9.668801308E+00
1.984297803E+01  6.178925514E+00
1.986231603E+01  3.351481438E+00
1.988165403E+01  1.726372093E-01
1.990099203E+01  -1.583493710E+00
1.992033003E+01  -2.791131735E+00
1.993966803E+01  -4.566826820E+00
1.995900603E+01  -6.084644318E+00
1.997834403E+01  -5.239009857E+00
1.999768203E+01  -4.345148087E+00
2.001702003E+01  -3.727711201E+00
2.003635803E+01  -4.074537277E+00
2.005569603E+01  -4.259165287E+00
2.007503403E+01  -3.123306990E+00
2.009437203E+01  -3.654340506E+00
2.011371003E+01  -4.331993580E+00
2.013304803E+01  -5.252614021E+00
2.015238603E+01  -4.599386692E+00
2.017172403E+01  -3.765631676E+00
2.019106203E+01  -4.443182945E+00
2.021040003E+01  -3.858722448E+00
2.022973803E+01  -3.210795879E+00
2.024907603E+01  -2.912980080E+00
2.026841403E+01  -2.522110701E+00
2.028775203E+01  -1.957767725E+00
2.030709003E+01  1.856361628E+00
2.032642803E+01  6.301317215E+00
2.034576603E+01  9.316279411E+00
2.036510403E+01  1.276160145E+01
2.038444203E+01  1.608701897E+01
2.040378003E+01  2.148691559E+01
2.042311803E+01  2.607781792E+01
2.044245603E+01  3.074041939E+01
2.046179403E+01  3.586299515E+01
2.048113203E+01  4.043416595E+01
2.050047003E+01  4.388371277E+01
2.051980803E+01  4.831768417E+01
2.053914603E+01  5.315023804E+01
2.055848403E+01  5.701938248E+01
2.057782203E+01  5.732727814E+01
2.059716003E+01  5.527416611E+01
2.061649803E+01  5.552975082E+01
2.063583603E+01  5.706449127E+01
2.065517403E+01  5.659857178E+01
2.067451203E+01  5.441587067E+01
2.069385003E+01  5.141669464E+01
2.071318803E+01  4.889559555E+01
2.073252603E+01  4.674157715E+01
2.075186403E+01  4.617465591E+01
2.077120203E+01  4.684986496E+01
2.079054003E+01  4.738191605E+01
2.080987803E+01  4.746799088E+01
2.082921603E+01  4.984918594E+01
2.084855403E+01  5.240447617E+01
2.086789203E+01  5.437168503E+01
2.088723003E+01  5.697711182E+01
2.090656803E+01  6.310570908E+01
2.092590603E+01  7.021097565E+01
2.094524403E+01  7.904738617E+01
2.096458203E+01  8.858203125E+01
2.098392003E+01  1.020280304E+02
2.100325803E+01  1.145569687E+02
2.102259603E+01  1.253062057E+02
2.104193403E+01  1.326015320E+02
2.106127203E+01  1.379517822E+02
2.108061003E+01  1.388323364E+02
2.109994803E+01  1.345234375E+02
2.111928603E+01  1.309234924E+02
2.113862403E+01  1.300025940E+02
2.115796203E+01  1.284588928E+02
2.117730003E+01  1.273029633E+02
2.119663803E+01  1.282199249E+02
2.121597603E+01  1.330894470E+02
2.123531403E+01  1.373268127E+02
2.125465203E+01  1.371851959E+02
2.127399003E+01  1.319155273E+02
2.129332803E+01  1.237509308E+02
2.131266603E+01  1.106388321E+02
2.133200403E+01  9.409453583E+01
2.135134203E+01  7.533232117E+01
2.137068003E+01  6.122977829E+01
2.139001803E+01  4.908417130E+01
2.140935603E+01  3.626308441E+01
2.142869403E+01  2.346148300E+01
2.144803203E+01  1.422762203E+01
2.146737003E+01  9.851698875E+00
2.148670803E+01  6.057759762E+00
2.150604603E+01  2.824502707E+00
2.152538403E+01  2.766348124E-01
2.154472203E+01  -1.863462925E+00
2.156406003E+01  -1.879250407E+00
2.158339803E+01  -2.223844051E+00
2.160273603E+01  -1.926265240E+00
2.162207403E+01  -1.424445510E+00
2.164141203E+01  7.692472935E-01
2.166075003E+01  8.913470268E+00
2.168008803E+01  2.041485786E+01
2.169942603E+01  2.972744179E+01
2.171876403E+01  3.761461258E+01
2.173810203E+01  4.713299942E+01
2.175744003E+01  5.829557800E+01
2.177677803E+01  7.020690155E+01
2.179611603E+01  8.285535431E+01
2.181545403E+01  9.688657379E+01
2.183479203E+01  1.112150497E+02
2.185413003E+01  1.270487442E+02
2.187346803E+01  1.409325867E+02
2.189280603E+01  1.545091858E+02
2.191214403E+01  1.665410767E+02
2.193148203E+01  1.766164856E+02
2.195082003E+01  1.818686218E+02
2.197015803E+01  1.854788055E+02
2.198949603E+01  1.863317719E+02
2.200883403E+01  1.843120117E+02
2.202817203E+01  1.786104889E+02
2.204751003E+01  1.710475311E+02
2.206684803E+01  1.614057159E+02
2.208618603E+01  1.497871704E+02
2.210552403E+01  1.373050385E+02
2.212486203E+01  1.256262207E+02
2.214420003E+01  1.151534424E+02
2.216353803E+01  1.051483383E+02
2.218287603E+01  9.531103516E+01
2.220221403E+01  8.808776093E+01
2.222155203E+01  7.942523193E+01
2.224089003E+01  7.203579712E+01
2.226022803E+01  6.550874329E+01
2.227956603E+01  6.055471039E+01
2.229890403E+01  5.705813980E+01
2.231824203E+01  5.497843170E+01
2.233758003E+01  5.302201843E+01
2.235691803E+01  5.208332443E+01
2.237625603E+01  5.240634537E+01
2.239559403E+01  5.415034485E+01
2.241493203E+01  5.666864395E+01
2.243427003E+01  5.922249603E+01
2.245360803E+01  6.070811844E+01
2.247294603E+01  6.446457672E+01
2.249228403E+01  6.958380127E+01
2.251162203E+01  7.524558258E+01
2.253096003E+01  7.913528442E+01
2.255029803E+01  8.213350677E+01
2.256963603E+01  8.716989136E+01
2.258897403E+01  9.457609558E+01
2.260831203E+01  1.001688538E+02
2.262765003E+01  1.044794006E+02
2.264698803E+01  1.058870850E+02
2.266632603E+01  1.048460999E+02
2.268566403E+01  1.021399536E+02
2.270500203E+01  1.022136688E+02
2.272434003E+01  1.072539139E+02
2.274367803E+01  1.186767578E+02
2.276301603E+01  1.330197754E+02
2.278235403E+01  1.496942596E+02
2.280169203E+01  1.674436646E+02
2.282103003E+01  1.773417358E+02
2.284036803E+01  1.844962463E+02
2.285970603E+01  1.849729614E+02
2.287904403E+01  1.855289459E+02
2.289838203E+01  1.940139465E+02
2.291772003E+01  2.067285767E+02
2.293705803E+01  2.257721710E+02
2.295639603E+01  2.588424072E+02
2.297573403E+01  3.427645264E+02
2.299507203E+01  4.481806335E+02
2.301441003E+01  5.449802856E+02
2.303374803E+01  6.220657349E+02
2.305308603E+01  6.320839233E+02
2.307242403E+01  5.732474365E+02
2.309176203E+01  5.217691040E+02
2.311110003E+01  3.977161560E+02
2.313043803E+01  2.879748230E+02
2.314977603E+01  2.357455292E+02
2.316911403E+01  1.894847260E+02
2.318845203E+01  1.461749573E+02
2.320779003E+01  1.129176483E+02
2.322712803E+01  8.949553680E+01
2.324646603E+01  7.117940521E+01
2.326580403E+01  5.235132217E+01
2.328514203E+01  3.751322174E+01
2.330448003E+01  2.837502289E+01
2.332381803E+01  2.382485771E+01
2.334315603E+01  1.828503799E+01
2.336249403E+01  1.376772022E+01
2.338183203E+01  8.947669029E+00
2.340117003E+01  6.883205891E+00
2.342050803E+01  4.345564365E+00
2.343984603E+01  1.091354489E+00
2.345918403E+01  6.997284293E-01
2.347852203E+01  2.432836294E-01
2.349786003E+01  6.039871573E-01
2.351719803E+01  -9.406374097E-01
2.353653603E+01  -6.020258069E-01
2.355587403E+01  -2.639173567E-01
2.357521203E+01  3.030506968E-01
2.359455003E+01  5.050687790E-01
2.361388803E+01  -6.861681938E-01
2.363322603E+01  -2.283749580E+00
2.365256403E+01  -1.554586768E+00
2.367190203E+01  3.895249665E-01
2.369124003E+01  2.637809992E+00
2.371057803E+01  3.776901722E+00
2.372991603E+01  6.096168041E+00
2.374925403E+01  8.719794273E+00
2.376859203E+01  9.922947884E+00
2.378793003E+01  8.753116608E+00
2.380726803E+01  7.341148376E+00
2.382660603E+01  7.056766510E+00
2.384594403E+01  8.949734688E+00
2.386528203E+01  9.672220230E+00
2.388462003E+01  1.078006268E+01
2.390395803E+01  1.240293980E+01
2.392329603E+01  1.329490280E+01
2.394263403E+01  1.333218098E+01
2.396197203E+01  1.063133621E+01
2.398131003E+01  9.708204269E+00
2.400064803E+01  7.462018967E+00
2.401998603E+01  7.837273598E+00
2.403932403E+01  8.408191681E+00
2.405866203E+01  9.530819893E+00
2.407800003E+01  7.498300076E+00
2.409733803E+01  5.814544201E+00
2.411667603E+01  4.062880993E+00
2.413601403E+01  1.654342532E+00
2.415535203E+01  -9.623816609E-01
2.417469003E+01  -2.157884121E+00
2.419402803E+01  2.820073366E-01
2.421336603E+01  -1.303994358E-01
2.423270403E+01  -2.478709698E+00
2.425204203E+01  -4.060857773E+00
2.427138003E+01  -1.542677879E+00
2.429071803E+01  -1.090362966E-01
2.431005603E+01  1.687314808E-01
2.432939403E+01  5.784177780E-01
2.434873203E+01  2.286955118E+00
2.436807003E+01  3.107986450E+00
2.438740803E+01  2.037259340E+00
2.440674603E+01  4.269463062E+00
2.442608403E+01  6.976298809E+00
2.444542203E+01  1.321882629E+01
2.446476003E+01  1.956562042E+01
2.448409803E+01  2.562084198E+01
2.450343603E+01  2.812091064E+01
2.452277403E+01  3.014275169E+01
2.454211203E+01  3.061673164E+01
2.456145003E+01  3.336156082E+01
2.458078803E+01  3.579376984E+01
2.460012603E+01  3.704732132E+01
2.461946403E+01  3.650804901E+01
2.463880203E+01  3.461709976E+01
2.465814003E+01  3.175547409E+01
2.467747803E+01  2.688268280E+01
2.469681603E+01  2.067102051E+01
2.471615403E+01  1.766060638E+01
2.473549203E+01  1.797056007E+01
2.475483003E+01  1.775236702E+01
2.477416803E+01  1.681903648E+01
2.479350603E+01  1.600886726E+01
2.481284403E+01  1.552871609E+01
2.483218203E+01  1.535585594E+01
2.485152003E+01  1.593768406E+01
2.487085803E+01  1.425251675E+01
2.489019603E+01  1.234402180E+01
2.490953403E+01  1.412786007E+01
2.492887203E+01  1.576718235E+01
2.494821003E+01  1.647683144E+01
2.496754803E+01  1.529483509E+01
2.498688603E+01  1.397597218E+01
2.500622403E+01  1.356842899E+01
2.502556203E+01  1.662963867E+01
2.504490003E+01  1.933785439E+01
2.506423803E+01  2.077121162E+01
2.508357603E+01  1.961696815E+01
2.510291403E+01  1.839636230E+01
2.512225203E+01  1.577761078E+01
2.514159003E+01  1.418626976E+01
2.516092803E+01  1.343878746E+01
2.518026603E+01  1.271712303E+01
2.519960403E+01  1.208120251E+01
2.521894203E+01  9.363710403E+00
2.523828003E+01  8.558758736E+00
2.525761803E+01  8.861943245E+00
2.527695603E+01  9.636898041E+00
2.529629403E+01  5.701682091E+00
2.531563203E+01  2.558276653E+00
2.533497003E+01  1.294073462E-01
2.535430803E+01  1.728581786E-01
2.537364603E+01  -2.221210480E+00
2.539298403E+01  -2.722297907E+00
2.541232203E+01  -1.614784241E+00
2.543166003E+01  -2.425063401E-01
2.545099803E+01  -5.946940184E-01
2.547033603E+01  -2.720318735E-01
2.548967403E+01  7.501580119E-01
2.550901203E+01  2.065520287E+00
2.552835003E+01  7.185012102E-01
2.554768803E+01  -4.916959107E-01
2.556702603E+01  -1.467168331E+00
2.558636403E+01  -1.539342999E+00
2.560570203E+01  -1.057846904E+00
2.562504003E+01  5.528999120E-02
2.564437803E+01  1.837368488E+00
2.566371603E+01  3.125835896E+00
2.568305403E+01  3.681814909E+00
2.570239203E+01  1.452305436E+00
2.572173003E+01  1.403185368E+00
2.574106803E+01  3.077064514E+00
2.576040603E+01  8.820328712E+00
2.577974403E+01  8.514332771E+00
2.579908203E+01  9.101027489E+00
2.581842003E+01  8.684999466E+00
2.583775803E+01  1.017214108E+01
2.585709603E+01  1.054258347E+01
2.587643403E+01  1.188072109E+01
2.589577203E+01  1.241963768E+01
2.591511003E+01  1.281330967E+01
2.593444803E+01  1.725061607E+01
2.595378603E+01  2.039380836E+01
2.597312403E+01  2.120393181E+01
2.599246203E+01  2.125454903E+01
2.601180003E+01  2.413261032E+01
2.603113803E+01  2.651412392E+01
2.605047603E+01  3.169296265E+01
2.606981403E+01  3.667411804E+01
2.608915203E+01  4.365050507E+01
2.610849003E+01  5.224440384E+01
2.612782803E+01  6.177773285E+01
2.614716603E+01  7.079107666E+01
2.616650403E+01  8.357932281E+01
2.618584203E+01  9.598855591E+01
2.620518003E+01  1.085232086E+02
2.622451803E+01  1.180482254E+02
2.624385603E+01  1.291110840E+02
2.626319403E+01  1.389007721E+02
2.628253203E+01  1.458408051E+02
2.630187003E+01  1.484842529E+02
2.632120803E+01  1.442805939E+02
2.634054603E+01  1.370041656E+02
2.635988403E+01  1.294128723E+02
2.637922203E+01  1.239554749E+02
2.639856003E+01  1.180003281E+02
2.641789803E+01  1.140461121E+02
2.643723603E+01  1.135684738E+02
2.645657403E+01  1.154231491E+02
2.647591203E+01  1.187836990E+02
2.649525003E+01  1.284974670E+02
2.651458803E+01  1.374078369E+02
2.653392603E+01  1.498083801E+02
2.655326403E+01  1.625697937E+02
2.657260203E+01  1.733742676E+02
2.659194003E+01  1.786412659E+02
2.661127803E+01  1.833310547E+02
2.663061603E+01  1.717525024E+02
2.664995403E+01  1.496871490E+02
2.666929203E+01  1.315273743E+02
2.668863003E+01  1.354170380E+02
2.670796803E+01  1.388816071E+02
2.672730603E+01  1.509787903E+02
2.674664403E+01  1.421737976E+02
2.676598203E+01  1.239677353E+02
2.678532003E+01  1.200995560E+02
2.680465803E+01  1.100101089E+02
2.682399603E+01  1.001676407E+02
2.684333403E+01  1.170243073E+02
2.686267203E+01  1.090935669E+02
2.688201003E+01  7.979613495E+01
2.690134803E+01  4.925661469E+01
2.692068603E+01  5.472805023E+01
2.694002403E+01  6.125379562E+01
2.695936203E+01  5.510133743E+01
2.697870003E+01  7.567637634E+01
2.699803803E+01  1.471927338E+02
2.701737603E+01  2.344374847E+02
2.703671403E+01  3.146054382E+02
2.705605203E+01  3.631841125E+02
2.707539003E+01  4.366908569E+02
2.709472803E+01  5.029627686E+02
2.711406603E+01  5.328383179E+02
2.713340403E+01  4.875656738E+02
2.715274203E+01  4.094747314E+02
2.717208003E+01  3.110681458E+02
2.719141803E+01  2.262086792E+02
2.721075603E+01  1.498198700E+02
2.723009403E+01  9.089019775E+01
2.724943203E+01  5.030363464E+01
2.726877003E+01  1.484941483E+01
2.728810803E+01  2.037755775E+01
2.730744603E+01  1.488918972E+01
2.732678403E+01  4.601457977E+01
2.734612203E+01  5.373481750E+01
2.736546003E+01  5.477610779E+01
2.738479803E+01  4.869155121E+01
2.740413603E+01  4.084821320E+01
2.742347403E+01  3.646740723E+01
2.744281203E+01  3.335102081E+01
2.746215003E+01  3.510879898E+01
2.748148803E+01  3.297428131E+01
2.750082603E+01  3.361901093E+01
2.752016403E+01  3.773919296E+01
2.753950203E+01  4.127227020E+01
2.755884003E+01  4.738494110E+01
2.757817803E+01  5.419241714E+01
2.759751603E+01  5.687877655E+01
2.761685403E+01  6.016253281E+01
2.763619203E+01  6.647414398E+01
2.765553003E+01  7.014545441E+01
2.767486803E+01  7.278419495E+01
2.769420603E+01  7.302278900E+01
2.771354403E+01  7.467066193E+01
2.773288203E+01  7.634803009E+01
2.775222003E+01  8.342685699E+01
2.777155803E+01  8.985133362E+01
2.779089603E+01  8.924389648E+01
2.781023403E+01  8.979262543E+01
2.782957203E+01  9.487188721E+01
2.784891003E+01  1.135500946E+02
2.786824803E+01  1.342794189E+02
2.788758603E+01  1.583455200E+02
2.790692403E+01  1.731433563E+02
2.792626203E+01  1.813981628E+02
2.794560003E+01  1.886911011E+02
2.796493803E+01  1.796476746E+02
2.798427603E+01  1.554971161E+02
2.800361403E+01  1.360440063E+02
2.802295203E+01  1.197803421E+02
2.804229003E+01  1.018418961E+02
2.806162803E+01  9.509234619E+01
2.808096603E+01  8.617853546E+01
2.810030403E+01  7.492693329E+01
2.811964203E+01  6.937314606E+01
2.813898003E+01  6.935403442E+01
2.815831803E+01  7.749887848E+01
2.817765603E+01  7.846108246E+01
2.819699403E+01  9.013964844E+01
2.821633203E+01  9.444479370E+01
2.823567003E+01  1.060667801E+02
2.825500803E+01  1.189092331E+02
2.827434603E+01  1.526509857E+02
2.829368403E+01  1.736064301E+02
2.831302203E+01  1.920164642E+02
2.833236003E+01  1.998113556E+02
2.835169803E+01  2.018886871E+02
2.837103603E+01  1.860265503E+02
2.839037403E+01  1.928673553E+02
2.840971203E+01  1.834005890E+02
2.842905003E+01  1.569945221E+02
2.844838803E+01  1.242763138E+02
2.846772603E+01  9.658197021E+01
2.848706403E+01  8.282038116E+01
2.850640203E+01  7.439783478E+01
2.852574003E+01  6.884814453E+01
2.854507803E+01  6.537728119E+01
2.856441603E+01  6.559020996E+01
2.858375403E+01  6.264264297E+01
2.860309203E+01  6.172006989E+01
2.862243003E+01  6.095883942E+01
2.864176803E+01  6.247834778E+01
2.866110603E+01  6.234609222E+01
2.868044403E+01  5.959325027E+01
2.869978203E+01  5.816972733E+01
2.871912003E+01  5.660181808E+01
2.873845803E+01  5.782886887E+01
2.875779603E+01  6.101865387E+01
2.877713403E+01  6.633396912E+01
2.879647203E+01  7.017015839E+01
2.881581003E+01  7.043466949E+01
2.883514803E+01  7.398210144E+01
2.885448603E+01  7.361959839E+01
2.887382403E+01  7.512570190E+01
2.889316203E+01  7.564418793E+01
2.891250003E+01  7.158474731E+01
2.893183803E+01  7.031500244E+01
2.895117603E+01  6.691542816E+01
2.897051403E+01  6.594831085E+01
2.898985203E+01  6.265727997E+01
2.900919003E+01  6.314789581E+01
2.902852803E+01  6.152493286E+01
2.904786603E+01  5.710739517E+01
2.906720403E+01  4.748915482E+01
2.908654203E+01  4.081323624E+01
2.910588003E+01  4.028240967E+01
2.912521803E+01  4.389874649E+01
2.914455603E+01  4.536063004E+01
2.916389403E+01  3.844748688E+01
2.918323203E+01  2.985056877E+01
2.920257003E+01  2.211714172E+01
2.922190803E+01  1.569060421E+01
2.924124603E+01  1.441219997E+01
2.926058403E+01  1.060615158E+01
2.927992203E+01  9.317331314E+00
2.929926003E+01  1.116922665E+01
2.931859803E+01  1.015740395E+01
2.933793603E+01  5.313272476E-01
2.935727403E+01  -4.678849876E-01
2.937661203E+01  4.945259571E+00
2.939595003E+01  1.132503510E+01
2.941528803E+01  1.036499691E+01
2.943462603E+01  1.385140133E+01
2.945396403E+01  1.516151333E+01
2.947330203E+01  1.984104729E+01
2.949264003E+01  2.164582825E+01
2.951197803E+01  2.655067825E+01
2.953131603E+01  3.783300400E+01
2.955065403E+01  3.913547897E+01
2.956999203E+01  3.411843109E+01
2.958933003E+01  3.735897827E+01
2.960866803E+01  4.298393250E+01
2.962800603E+01  4.890264893E+01
2.964734403E+01  4.703736877E+01
2.966668203E+01  3.912360382E+01
2.968602003E+01  3.785899734E+01
2.970535803E+01  3.123293114E+01
2.972469603E+01  3.869629669E+01
2.974403403E+01  4.025202560E+01
2.976337203E+01  3.004709816E+01
2.978271003E+01  1.508154964E+01
2.980204803E+01  5.456398487E+00
2.982138603E+01  1.663375854E+00
2.984072403E+01  1.378376245E+00
2.986006203E+01  -1.082276940E+00
2.987940003E+01  -2.141362280E-01
2.989873803E+01  -9.647439957E+00
2.991807602E+01  -4.966325283E+00
2.993741402E+01  3.228444338E+00
2.995675202E+01  6.570428371E+00
2.997609002E+01  9.080197215E-01
2.999542802E+01  -2.513724804E+00
