4.372222991E+00  6.415413857E+00
4.391546744E+00  4.485793114E+00
4.410870498E+00  5.054448128E+00
4.430194252E+00  4.047294140E+00
4.449518006E+00  3.478337526E+00
4.468841760E+00  4.369394779E+00
4.488165514E+00  5.010235786E+00
4.507489268E+00  6.248360157E+00
4.526813022E+00  7.441243649E+00
4.546136775E+00  7.053333759E+00
4.565460529E+00  5.145658970E+00
4.584784283E+00  1.492710471E+00
4.604108037E+00  -1.124875307E+00
4.623431791E+00  1.266996842E-02
4.642755545E+00  9.872826934E-01
4.662079299E+00  3.613248348E+00
4.681403053E+00  5.115029335E+00
4.700726806E+00  6.916072845E+00
4.720050560E+00  7.688168526E+00
4.739374314E+00  8.624766350E+00
4.758698068E+00  7.476524830E+00
4.778021822E+00  7.231814861E+00
4.797345576E+00  5.955720901E+00
4.816669330E+00  3.827708483E+00
4.835993084E+00  4.126372337E+00
4.855316837E+00  1.779085636E+00
4.874640591E+00  1.516986609E+00
4.893964345E+00  2.532698870E+00
4.913288099E+00  4.747905254E+00
4.932611853E+00  7.201237202E+00
4.951935607E+00  5.705866814E+00
4.971259361E+00  2.143733740E+00
4.990583115E+00  1.167272091E+00
5.009906868E+00  2.914227724E+00
5.029230622E+00  6.076519012E+00
5.048554376E+00  5.709742546E+00
5.067878130E+00  4.615608215E+00
5.087201884E+00  2.491414309E+00
5.106525638E+00  6.682176590E-01
5.125849392E+00  -6.119611263E-01
5.145173145E+00  9.288085252E-02
5.164496899E+00  3.416369915E+00
5.183820653E+00  6.529392242E+00
5.203144407E+00  6.941781044E+00
5.222468161E+00  5.485400677E+00
5.241791915E+00  5.849725723E+00
5.261115669E+00  7.630482674E+00
5.280439423E+00  4.803474426E+00
5.299763176E+00  2.307534695E+00
5.319086930E+00  -2.183419943E+00
5.338410684E+00  -4.206842422E+00
5.357734438E+00  -2.043696404E+00
5.377058192E+00  -4.361420572E-01
5.396381946E+00  1.565263391E+00
5.415705700E+00  2.529999256E+00
5.435029454E+00  2.247401953E+00
5.454353207E+00  3.371284008E+00
5.473676961E+00  4.658789158E+00
5.493000715E+00  3.611957073E+00
5.512324469E+00  2.869652033E+00
5.531648223E+00  4.177613258E+00
5.550971977E+00  5.354235172E+00
5.570295731E+00  7.018550873E+00
5.589619485E+00  5.766704559E+00
5.608943238E+00  6.480991364E+00
5.628266992E+00  6.096052170E+00
5.647590746E+00  4.855794430E+00
5.666914500E+00  4.066897869E+00
5.686238254E+00  3.563991070E+00
5.705562008E+00  4.171419621E+00
5.724885762E+00  5.683567047E+00
5.744209516E+00  5.590670109E+00
5.763533269E+00  5.653755188E+00
5.782857023E+00  3.459686995E+00
5.802180777E+00  2.773461819E+00
5.821504531E+00  5.859386921E-01
5.840828285E+00  -1.030681849E+00
5.860152039E+00  -1.111810327E+00
5.879475793E+00  1.006189585E+00
5.898799546E+00  1.246324062E+00
5.918123300E+00  -6.290506124E-01
5.937447054E+00  -1.099501371E+00
5.956770808E+00  -6.497956514E-01
5.976094562E+00  1.126960739E-01
5.995418316E+00  -1.558620185E-01
6.014742070E+00  1.442774296E+00
6.034065824E+00  3.482796192E+00
6.053389577E+00  3.394423008E+00
6.072713331E+00  1.803650022E+00
6.092037085E+00  -2.237089127E-01
6.111360839E+00  4.041223973E-02
6.130684593E+00  5.309062600E-01
6.150008347E+00  2.332135439E+00
6.169332101E+00  4.980801105E+00
6.188655855E+00  5.952891827E+00
6.207979608E+00  4.540399075E+00
6.227303362E+00  2.212892771E+00
6.246627116E+00  2.165740013E+00
6.265950870E+00  3.540929317E+00
6.285274624E+00  3.248963594E+00
6.304598378E+00  2.114119291E+00
6.323922132E+00  1.049484730E+00
6.343245886E+00  2.920476913E+00
6.362569639E+00  4.116606236E+00
6.381893393E+00  3.880323410E+00
6.401217147E+00  4.242428780E+00
6.420540901E+00  4.297696114E+00
6.439864655E+00  5.148950577E+00
6.459188409E+00  3.365553856E+00
6.478512163E+00  1.759512901E+00
6.497835917E+00  2.341001481E-02
6.517159670E+00  -4.607684016E-01
6.536483424E+00  -2.301614583E-01
6.555807178E+00  7.969238162E-01
6.575130932E+00  1.309166551E+00
6.594454686E+00  2.467951536E+00
6.613778440E+00  3.674213171E+00
6.633102194E+00  3.418289423E+00
6.652425947E+00  3.181657314E+00
6.671749701E+00  1.453782082E+00
6.691073455E+00  4.474545717E-01
6.710397209E+00  -1.371416926E+00
6.729720963E+00  -1.211166978E+00
6.749044717E+00  1.175358891E-01
6.768368471E+00  -3.943705261E-01
6.787692225E+00  -4.202734232E-01
6.807015978E+00  -1.722632349E-01
6.826339732E+00  -3.100494668E-02
6.845663486E+00  1.382862687E+00
6.864987240E+00  4.465319812E-01
6.884310994E+00  1.930179000E+00
6.903634748E+00  6.655539274E-01
6.922958502E+00  -8.194872141E-01
6.942282256E+00  -1.675973058E+00
6.961606009E+00  -1.150312543E+00
6.980929763E+00  1.866274476E+00
7.000253517E+00  3.994501591E+00
7.019577271E+00  4.268265724E+00
7.038901025E+00  1.651740551E+00
7.058224779E+00  4.715085924E-01
7.077548533E+00  1.533382177E+00
7.096872287E+00  1.059293151E+00
7.116196040E+00  4.855090380E-01
7.135519794E+00  1.486311078E+00
7.154843548E+00  3.990957975E+00
7.174167302E+00  4.215540886E+00
7.193491056E+00  3.298719168E+00
7.212814810E+00  3.001907110E+00
7.232138564E+00  3.352334023E+00
7.251462318E+00  3.427702665E+00
7.270786071E+00  2.242287159E+00
7.290109825E+00  3.229750097E-01
7.309433579E+00  2.173127979E-01
7.328757333E+00  1.677212358E+00
7.348081087E+00  3.190313101E+00
7.367404841E+00  2.126335144E+00
7.386728595E+00  5.484705567E-01
7.406052349E+00  7.247290611E-01
7.425376102E+00  1.650267601E+00
7.444699856E+00  2.369038820E+00
7.464023610E+00  1.674713135E+00
7.483347364E+00  6.989297867E-01
7.502671118E+00  1.039194465E-01
7.521994872E+00  -1.018938899E+00
7.541318626E+00  -7.976800799E-01
7.560642379E+00  -1.277507067E+00
7.579966133E+00  -9.807276726E-01
7.599289887E+00  -5.178369880E-01
7.618613641E+00  1.337411880E+00
7.637937395E+00  1.276429296E+00
7.657261149E+00  -1.040056229E+00
7.676584903E+00  -1.062924623E+00
7.695908657E+00  -2.164473057E+00
7.715232410E+00  -2.071513891E+00
7.734556164E+00  -2.417368412E+00
7.753879918E+00  -6.422506571E-01
7.773203672E+00  1.590727448E+00
7.792527426E+00  1.749811649E+00
7.811851180E+00  1.212692022E+00
7.831174934E+00  -4.685961604E-01
7.850498688E+00  -1.282099634E-01
7.869822441E+00  -3.568508923E-01
7.889146195E+00  1.287550092E+00
7.908469949E+00  3.350885391E+00
7.927793703E+00  3.935759544E+00
7.947117457E+00  3.284503937E+00
7.966441211E+00  2.167365074E+00
7.985764965E+00  2.270207167E+00
8.005088719E+00  3.261409044E+00
8.024412472E+00  3.653683662E+00
8.043736226E+00  4.031376362E+00
8.063059980E+00  4.254321098E+00
8.082383734E+00  5.622392654E+00
8.101707488E+00  7.482437611E+00
8.121031242E+00  9.682372093E+00
8.140354996E+00  1.201356316E+01
8.159678750E+00  1.394397354E+01
8.179002503E+00  1.651952744E+01
8.198326257E+00  1.756282616E+01
8.217650011E+00  1.755327797E+01
8.236973765E+00  1.693078613E+01
8.256297519E+00  1.671122360E+01
8.275621273E+00  1.795273018E+01
8.294945027E+00  1.885384178E+01
8.314268780E+00  1.983404922E+01
8.333592534E+00  2.012337685E+01
8.352916288E+00  2.138175583E+01
8.372240042E+00  2.415995598E+01
8.391563796E+00  2.895766258E+01
8.410887550E+00  3.280208588E+01
8.430211304E+00  3.374452209E+01
8.449535058E+00  3.381737518E+01
8.468858811E+00  3.317599106E+01
8.488182565E+00  3.517480087E+01
8.507506319E+00  3.433120346E+01
8.526830073E+00  3.475423431E+01
8.546153827E+00  3.282645416E+01
8.565477581E+00  3.359310150E+01
8.584801335E+00  2.942931557E+01
8.604125089E+00  2.706184959E+01
8.623448842E+00  2.367381668E+01
8.642772596E+00  2.133630562E+01
8.662096350E+00  1.832114029E+01
8.681420104E+00  1.546657944E+01
8.700743858E+00  1.347225475E+01
8.720067612E+00  1.234495926E+01
8.739391366E+00  9.748266220E+00
8.758715120E+00  6.655844212E+00
8.778038873E+00  4.019194603E+00
8.797362627E+00  3.419017553E+00
8.816686381E+00  2.047889471E+00
8.836010135E+00  3.325834572E-01
8.855333889E+00  -4.191911519E-01
8.874657643E+00  -2.829385698E-01
8.893981397E+00  3.802921176E-01
8.913305151E+00  4.978947639E-01
8.932628904E+00  1.154616833E+00
8.951952658E+00  1.786774397E-02
8.971276412E+00  2.878505945E+00
8.990600166E+00  5.150367260E+00
9.009923920E+00  8.810956955E+00
9.029247674E+00  1.209653282E+01
9.048571428E+00  1.228557587E+01
9.067895181E+00  8.339915276E+00
9.087218935E+00  1.429898858E+00
9.106542689E+00  -7.111004591E-01
9.125866443E+00  4.881304741E+00
9.145190197E+00  1.208051109E+01
9.164513951E+00  1.482055473E+01
9.183837705E+00  1.289422321E+01
9.203161459E+00  1.253412724E+01
9.222485212E+00  1.285949039E+01
9.241808966E+00  1.208613205E+01
9.261132720E+00  1.138902187E+01
9.280456474E+00  8.703810692E+00
9.299780228E+00  5.772011280E+00
9.319103982E+00  3.991831541E+00
9.338427736E+00  4.617165089E+00
9.357751490E+00  6.461943150E+00
9.377075243E+00  5.408685207E+00
9.396398997E+00  2.384093285E+00
9.415722751E+00  -1.274736524E+00
9.435046505E+00  -1.835932255E+00
9.454370259E+00  -1.247798800E+00
9.473694013E+00  -1.575583577E+00
9.493017767E+00  -2.111585855E+00
9.512341521E+00  -3.150550127E+00
9.531665274E+00  -2.567306280E+00
9.550989028E+00  -2.193972349E+00
9.570312782E+00  -3.686904430E+00
9.589636536E+00  -4.832612038E+00
9.608960290E+00  -3.892737389E+00
9.628284044E+00  -2.232484579E+00
9.647607798E+00  8.397725821E-01
9.666931552E+00  1.029507637E+00
9.686255305E+00  2.759155750E+00
9.705579059E+00  2.996469259E+00
9.724902813E+00  5.309679031E+00
9.744226567E+00  8.430225372E+00
9.763550321E+00  1.338604259E+01
9.782874075E+00  1.894588280E+01
9.802197829E+00  2.569351387E+01
9.821521582E+00  3.200305176E+01
9.840845336E+00  4.032214355E+01
9.860169090E+00  4.890974808E+01
9.879492844E+00  6.126459122E+01
9.898816598E+00  7.198914337E+01
9.918140352E+00  8.347274780E+01
9.937464106E+00  9.280513763E+01
9.956787860E+00  1.014581070E+02
9.976111613E+00  1.101531219E+02
9.995435367E+00  1.164053040E+02
1.001475912E+01  1.211449661E+02
1.003408288E+01  1.218626404E+02
1.005340663E+01  1.192919235E+02
1.007273038E+01  1.152964096E+02
1.009205414E+01  1.091890488E+02
1.011137789E+01  1.039640656E+02
1.013070164E+01  9.565729523E+01
1.015002540E+01  8.655514526E+01
1.016934915E+01  7.495855713E+01
1.018867291E+01  6.386630630E+01
1.020799666E+01  5.408487701E+01
1.022732041E+01  4.485322189E+01
1.024664417E+01  3.763817215E+01
1.026596792E+01  2.862490463E+01
1.028529168E+01  2.290493965E+01
1.030461543E+01  1.848078346E+01
1.032393918E+01  1.598052788E+01
1.034326294E+01  1.350184631E+01
1.036258669E+01  1.027582169E+01
1.038191044E+01  9.866411209E+00
1.040123420E+01  1.147929001E+01
1.042055795E+01  1.399384403E+01
1.043988171E+01  1.682474518E+01
1.045920546E+01  1.793416786E+01
1.047852921E+01  1.849952316E+01
1.049785297E+01  2.104139709E+01
1.051717672E+01  2.559860420E+01
1.053650048E+01  3.525529861E+01
1.055582423E+01  4.437902451E+01
1.057514798E+01  5.094005203E+01
1.059447174E+01  5.468717957E+01
1.061379549E+01  6.024246216E+01
1.063311925E+01  6.478553772E+01
1.065244300E+01  6.891279602E+01
1.067176675E+01  7.253359985E+01
1.069109051E+01  7.717741394E+01
1.071041426E+01  8.335519409E+01
1.072973801E+01  8.747509766E+01
1.074906177E+01  9.085669708E+01
1.076838552E+01  9.277516174E+01
1.078770928E+01  9.713412476E+01
1.080703303E+01  1.017200546E+02
1.082635678E+01  1.074166641E+02
1.084568054E+01  1.131733551E+02
1.086500429E+01  1.179161835E+02
1.088432805E+01  1.239438019E+02
1.090365180E+01  1.310634766E+02
1.092297555E+01  1.384035645E+02
1.094229931E+01  1.453115082E+02
1.096162306E+01  1.503647766E+02
1.098094681E+01  1.528032532E+02
1.100027057E+01  1.527741241E+02
1.101959432E+01  1.549580688E+02
1.103891808E+01  1.552924194E+02
1.105824183E+01  1.540832214E+02
1.107756558E+01  1.479053497E+02
1.109688934E+01  1.426360016E+02
1.111621309E+01  1.350452271E+02
1.113553685E+01  1.275659332E+02
1.115486060E+01  1.161457443E+02
1.117418435E+01  1.059117279E+02
1.119350811E+01  9.519092560E+01
1.121283186E+01  8.642685699E+01
1.123215562E+01  7.848101044E+01
1.125147937E+01  7.124050140E+01
1.127080312E+01  6.509172058E+01
1.129012688E+01  6.045325089E+01
1.130945063E+01  5.695070267E+01
1.132877438E+01  5.446575165E+01
1.134809814E+01  5.371353149E+01
1.136742189E+01  5.540914536E+01
1.138674565E+01  5.404839325E+01
1.140606940E+01  5.631037903E+01
1.142539315E+01  5.986242294E+01
1.144471691E+01  6.857782745E+01
1.146404066E+01  7.625659943E+01
1.148336442E+01  8.471132660E+01
1.150268817E+01  9.360001373E+01
1.152201192E+01  1.048102875E+02
1.154133568E+01  1.183236923E+02
1.156065943E+01  1.330948181E+02
1.157998318E+01  1.475007477E+02
1.159930694E+01  1.604719849E+02
1.161863069E+01  1.714916077E+02
1.163795445E+01  1.775336151E+02
1.165727820E+01  1.809676056E+02
1.167660195E+01  1.819170380E+02
1.169592571E+01  1.791709900E+02
1.171524946E+01  1.739401245E+02
1.173457322E+01  1.669422913E+02
1.175389697E+01  1.573015442E+02
1.177322072E+01  1.438539581E+02
1.179254448E+01  1.294094238E+02
1.181186823E+01  1.133258667E+02
1.183119199E+01  9.671208191E+01
1.185051574E+01  8.165704346E+01
1.186983949E+01  6.531458282E+01
1.188916325E+01  5.244055176E+01
1.190848700E+01  4.300288773E+01
1.192781075E+01  3.555104446E+01
1.194713451E+01  3.068593979E+01
1.196645826E+01  2.593352509E+01
1.198578202E+01  2.346841049E+01
1.200510577E+01  1.893955612E+01
1.202442952E+01  1.533820915E+01
1.204375328E+01  1.371079350E+01
1.206307703E+01  1.136253929E+01
1.208240079E+01  9.500795364E+00
1.210172454E+01  9.032160759E+00
1.212104829E+01  8.911856651E+00
1.214037205E+01  6.529232502E+00
1.215969580E+01  7.084483147E+00
1.217901955E+01  8.684360504E+00
1.219834331E+01  1.106800938E+01
1.221766706E+01  1.188602829E+01
1.223699082E+01  1.124808407E+01
1.225631457E+01  1.195631504E+01
1.227563832E+01  1.092697144E+01
1.229496208E+01  1.062449837E+01
1.231428583E+01  8.537618637E+00
1.233360959E+01  5.699843407E+00
1.235293334E+01  2.916529417E+00
1.237225709E+01  2.875963688E+00
1.239158085E+01  3.729690313E+00
1.241090460E+01  2.004134417E+00
1.243022836E+01  8.637870550E-01
1.244955211E+01  -1.427855253E+00
1.246887586E+01  -3.574940681E+00
1.248819962E+01  -3.987298727E+00
1.250752337E+01  -3.346358538E+00
1.252684712E+01  -2.330002785E+00
1.254617088E+01  -8.823450208E-01
1.256549463E+01  -3.355580270E-01
1.258481839E+01  1.754919171E+00
1.260414214E+01  2.443629980E+00
1.262346589E+01  4.871415138E+00
1.264278965E+01  8.087674141E+00
1.266211340E+01  1.210749149E+01
1.268143716E+01  1.500293446E+01
1.270076091E+01  1.976194572E+01
1.272008466E+01  2.489013100E+01
1.273940842E+01  2.753844833E+01
1.275873217E+01  2.820217323E+01
1.277805592E+01  3.131049347E+01
1.279737968E+01  3.476092148E+01
1.281670343E+01  3.681504440E+01
1.283602719E+01  3.759509659E+01
1.285535094E+01  3.848654175E+01
1.287467469E+01  3.862976456E+01
1.289399845E+01  3.856459045E+01
1.291332220E+01  3.813409042E+01
1.293264596E+01  3.550240326E+01
1.295196971E+01  3.325017548E+01
1.297129346E+01  3.138602448E+01
1.299061722E+01  2.992248344E+01
1.300994097E+01  2.835595131E+01
1.302926473E+01  2.735101891E+01
1.304858848E+01  2.563182640E+01
1.306791223E+01  2.456945229E+01
1.308723599E+01  2.487429047E+01
1.310655974E+01  2.674815178E+01
1.312588349E+01  2.834713554E+01
1.314520725E+01  3.040151787E+01
1.316453100E+01  3.225893784E+01
1.318385476E+01  3.543323517E+01
1.320317851E+01  3.764423752E+01
1.322250226E+01  4.150502014E+01
1.324182602E+01  4.598111725E+01
1.326114977E+01  5.333950043E+01
1.328047353E+01  5.930288315E+01
1.329979728E+01  6.653237152E+01
1.331912103E+01  7.311086273E+01
1.333844479E+01  8.051229095E+01
1.335776854E+01  8.806280518E+01
1.337709229E+01  9.904355621E+01
1.339641605E+01  1.095236893E+02
1.341573980E+01  1.228540115E+02
1.343506356E+01  1.358293457E+02
1.345438731E+01  1.497859344E+02
1.347371106E+01  1.633392639E+02
1.349303482E+01  1.750939636E+02
1.351235857E+01  1.866497650E+02
1.353168233E+01  1.947097778E+02
1.355100608E+01  2.013338165E+02
1.357032983E+01  2.053808746E+02
1.358965359E+01  2.049528656E+02
1.360897734E+01  1.994738617E+02
1.362830110E+01  1.922456360E+02
1.364762485E+01  1.826716461E+02
1.366694860E+01  1.732098083E+02
1.368627236E+01  1.608231049E+02
1.370559611E+01  1.496685638E+02
1.372491986E+01  1.372403564E+02
1.374424362E+01  1.250035706E+02
1.376356737E+01  1.143954391E+02
1.378289113E+01  1.044019928E+02
1.380221488E+01  9.568381500E+01
1.382153863E+01  8.414562988E+01
1.384086239E+01  7.552074432E+01
1.386018614E+01  6.763403320E+01
1.387950990E+01  6.274613953E+01
1.389883365E+01  5.705009460E+01
1.391815740E+01  5.392008209E+01
1.393748116E+01  5.249957275E+01
1.395680491E+01  5.454924011E+01
1.397612866E+01  5.568595886E+01
1.399545242E+01  5.760035324E+01
1.401477617E+01  6.119277573E+01
1.403409993E+01  6.800591278E+01
1.405342368E+01  7.710787201E+01
1.407274743E+01  8.687219238E+01
1.409207119E+01  9.799124908E+01
1.411139494E+01  1.092304611E+02
1.413071870E+01  1.251867828E+02
1.415004245E+01  1.408890686E+02
1.416936620E+01  1.559035492E+02
1.418868996E+01  1.659692841E+02
1.420801371E+01  2.235279999E+02
1.422733747E+01  3.220263062E+02
1.424666122E+01  3.997213440E+02
1.426598497E+01  4.852499390E+02
1.428530873E+01  5.130977173E+02
1.430463248E+01  5.500635986E+02
1.432395623E+01  4.992559814E+02
1.434327999E+01  4.561666565E+02
1.436260374E+01  3.309728394E+02
1.438192750E+01  3.307724609E+02
1.440125125E+01  2.774934692E+02
1.442057500E+01  2.945361633E+02
1.443989876E+01  2.916651001E+02
1.445922251E+01  3.407175598E+02
1.447854627E+01  4.198950195E+02
1.449787002E+01  5.711853027E+02
1.451719377E+01  7.346206055E+02
1.453651753E+01  9.546410522E+02
1.455584128E+01  1.125483276E+03
1.457516503E+01  1.214651733E+03
1.459448879E+01  1.169828003E+03
1.461381254E+01  1.045985107E+03
1.463313630E+01  8.707910156E+02
1.465246005E+01  6.374335327E+02
1.467178380E+01  4.151495056E+02
1.469110756E+01  2.431153717E+02
1.471043131E+01  1.490386658E+02
1.472975507E+01  1.087501373E+02
1.474907882E+01  9.356070709E+01
1.476840257E+01  8.696453857E+01
1.478772633E+01  5.894498825E+01
1.480705008E+01  3.568648148E+01
1.482637384E+01  3.101644897E+01
1.484569759E+01  2.523561478E+01
1.486502134E+01  1.633481598E+01
1.488434510E+01  8.972535133E+00
1.490366885E+01  6.686572552E+00
1.492299260E+01  1.169922543E+01
1.494231636E+01  1.550225163E+01
1.496164011E+01  1.569183350E+01
1.498096387E+01  1.184187317E+01
1.500028762E+01  1.099642944E+01
1.501961137E+01  8.747844696E+00
1.503893513E+01  6.313166142E+00
1.505825888E+01  4.667942047E+00
1.507758264E+01  4.432456493E+00
1.509690639E+01  6.953521252E+00
1.511623014E+01  7.416056156E+00
1.513555390E+01  7.826736927E+00
1.515487765E+01  5.174402237E+00
1.517420140E+01  2.195930004E+00
1.519352516E+01  -8.859916776E-02
1.521284891E+01  -6.417643428E-01
1.523217267E+01  -1.070173502E+00
1.525149642E+01  -1.477483392E+00
1.527082017E+01  -4.807494879E-01
1.529014393E+01  -1.329070449E+00
1.530946768E+01  -2.039078712E+00
1.532879144E+01  -3.730870247E+00
1.534811519E+01  -3.032537460E+00
1.536743894E+01  -2.975182295E+00
1.538676270E+01  -1.991686821E+00
1.540608645E+01  -2.063923359E+00
1.542541021E+01  -8.240655661E-01
1.544473396E+01  -1.747182012E-02
1.546405771E+01  -9.526300430E-01
1.548338147E+01  -2.505301237E+00
1.550270522E+01  -1.665632367E+00
1.552202897E+01  5.022786558E-02
1.554135273E+01  7.717664242E-01
1.556067648E+01  1.856874108E+00
1.558000024E+01  1.404301763E+00
1.559932399E+01  2.313967705E+00
1.561864774E+01  3.176121235E+00
1.563797150E+01  5.059921265E+00
1.565729525E+01  5.584483624E+00
1.567661901E+01  6.327819347E+00
1.569594276E+01  6.161798477E+00
1.571526651E+01  6.404493809E+00
1.573459027E+01  6.442499161E+00
1.575391402E+01  5.365203381E+00
1.577323778E+01  4.373485565E+00
1.579256153E+01  6.449634552E+00
1.581188528E+01  5.744309902E+00
1.583120904E+01  5.591680050E+00
1.585053279E+01  4.397844791E+00
1.586985654E+01  2.969935894E+00
1.588918030E+01  4.562989175E-01
1.590850405E+01  -9.540469050E-01
1.592782781E+01  -6.583669186E-01
1.594715156E+01  -5.076466799E-01
1.596647531E+01  -1.871538758E+00
1.598579907E+01  -3.605897427E+00
1.600512282E+01  -2.758839607E+00
1.602444658E+01  -1.007030487E+00
1.604377033E+01  -8.759053946E-01
1.606309408E+01  -1.453787923E+00
1.608241784E+01  -1.336233974E+00
1.610174159E+01  -9.224258065E-01
1.612106534E+01  -2.594190836E-01
1.614038910E+01  5.750365853E-01
1.615971285E+01  4.491775990E+00
1.617903661E+01  9.791332245E+00
1.619836036E+01  1.333482647E+01
1.621768411E+01  1.591847038E+01
1.623700787E+01  1.775109482E+01
1.625633162E+01  1.864652634E+01
1.627565538E+01  1.899769402E+01
1.629497913E+01  2.236598015E+01
1.631430288E+01  2.845801544E+01
1.633362664E+01  3.440838242E+01
1.635295039E+01  3.963898849E+01
1.637227415E+01  4.394058609E+01
1.639159790E+01  4.893054199E+01
1.641092165E+01  5.501449203E+01
1.643024541E+01  6.127036667E+01
1.644956916E+01  7.525305939E+01
1.646889291E+01  8.371759796E+01
1.648821667E+01  9.554949951E+01
1.650754042E+01  9.980656433E+01
1.652686418E+01  1.026673355E+02
1.654618793E+01  9.067913055E+01
1.656551168E+01  8.804978180E+01
1.658483544E+01  8.974581146E+01
1.660415919E+01  9.741326141E+01
1.662348295E+01  1.122044220E+02
1.664280670E+01  1.318964081E+02
1.666213045E+01  1.514947357E+02
1.668145421E+01  1.863706970E+02
1.670077796E+01  2.277414246E+02
1.672010171E+01  2.835953674E+02
1.673942547E+01  3.540409241E+02
1.675874922E+01  4.327385864E+02
1.677807298E+01  5.140903931E+02
1.679739673E+01  6.288116455E+02
1.681672048E+01  7.054752808E+02
1.683604424E+01  7.625194702E+02
1.685536799E+01  7.750811768E+02
1.687469175E+01  7.598804932E+02
1.689401550E+01  7.173508301E+02
1.691333925E+01  6.342382202E+02
1.693266301E+01  5.418490601E+02
1.695198676E+01  4.270071411E+02
1.697131052E+01  3.269037170E+02
1.699063427E+01  2.672260437E+02
1.700995802E+01  2.388128815E+02
1.702928178E+01  2.030977936E+02
1.704860553E+01  1.675387115E+02
1.706792928E+01  1.394427490E+02
1.708725304E+01  1.204470520E+02
1.710657679E+01  1.060226135E+02
1.712590055E+01  9.185448456E+01
1.714522430E+01  8.080606842E+01
1.716454805E+01  7.650561523E+01
1.718387181E+01  6.977198029E+01
1.720319556E+01  5.653381348E+01
1.722251932E+01  4.807470703E+01
1.724184307E+01  4.798924637E+01
1.726116682E+01  4.962369156E+01
1.728049058E+01  4.842218781E+01
1.729981433E+01  4.809741974E+01
1.731913808E+01  4.549877930E+01
1.733846184E+01  3.933797455E+01
1.735778559E+01  3.451983261E+01
1.737710935E+01  3.065380669E+01
1.739643310E+01  3.020898247E+01
1.741575685E+01  2.694916916E+01
1.743508061E+01  2.121341515E+01
1.745440436E+01  1.206738663E+01
1.747372812E+01  7.522854805E+00
1.749305187E+01  1.196739292E+01
1.751237562E+01  2.059529114E+01
1.753169938E+01  2.387607002E+01
1.755102313E+01  2.176420021E+01
1.757034689E+01  1.903310204E+01
1.758967064E+01  1.730517006E+01
1.760899439E+01  1.702419662E+01
1.762831815E+01  1.639995956E+01
1.764764190E+01  1.289503765E+01
1.766696565E+01  9.602014542E+00
1.768628941E+01  6.673416615E+00
1.770561316E+01  6.800474167E+00
1.772493692E+01  4.640371323E+00
1.774426067E+01  2.321619987E+00
1.776358442E+01  1.461868919E-02
1.778290818E+01  -1.198716521E+00
1.780223193E+01  -1.999755263E+00
1.782155569E+01  -4.876608849E+00
1.784087944E+01  -7.139510632E+00
1.786020319E+01  -8.455483437E+00
1.787952695E+01  -8.654249191E+00
1.789885070E+01  -8.075153351E+00
1.791817445E+01  -6.352076054E+00
1.793749821E+01  -4.572371483E+00
1.795682196E+01  -3.134292364E+00
1.797614572E+01  -2.115398169E+00
1.799546947E+01  -9.873160720E-02
1.801479322E+01  1.949736953E+00
1.803411698E+01  3.683303833E+00
1.805344073E+01  4.738052845E+00
1.807276449E+01  8.812685013E+00
1.809208824E+01  1.257232285E+01
1.811141199E+01  1.616046906E+01
1.813073575E+01  1.864382172E+01
1.815005950E+01  2.307697296E+01
1.816938326E+01  2.777607918E+01
1.818870701E+01  3.328736115E+01
1.820803076E+01  3.776381302E+01
1.822735452E+01  4.358554459E+01
1.824667827E+01  4.895012283E+01
1.826600202E+01  5.506542206E+01
1.828532578E+01  6.161739731E+01
1.830464953E+01  6.925299835E+01
1.832397329E+01  7.694121552E+01
1.834329704E+01  8.316426849E+01
1.836262079E+01  9.039437866E+01
1.838194455E+01  9.772416687E+01
1.840126830E+01  1.045716934E+02
1.842059206E+01  1.096091537E+02
1.843991581E+01  1.152087173E+02
1.845923956E+01  1.206963806E+02
1.847856332E+01  1.279274292E+02
1.849788707E+01  1.349990692E+02
1.851721082E+01  1.435306702E+02
1.853653458E+01  1.504521332E+02
1.855585833E+01  1.577059937E+02
1.857518209E+01  1.641441803E+02
1.859450584E+01  1.721978760E+02
1.861382959E+01  1.789256592E+02
1.863315335E+01  1.822173462E+02
1.865247710E+01  1.851176910E+02
1.867180086E+01  1.892223969E+02
1.869112461E+01  1.935194092E+02
1.871044836E+01  1.968677063E+02
1.872977212E+01  2.012052155E+02
1.874909587E+01  2.038247833E+02
1.876841963E+01  2.071878662E+02
1.878774338E+01  2.077017975E+02
1.880706713E+01  2.073947296E+02
1.882639089E+01  2.053661652E+02
1.884571464E+01  2.052340851E+02
1.886503839E+01  2.053099213E+02
1.888436215E+01  2.065426941E+02
1.890368590E+01  2.060268250E+02
1.892300966E+01  2.043187408E+02
1.894233341E+01  2.026905670E+02
1.896165716E+01  2.020922699E+02
1.898098092E+01  2.004080505E+02
1.900030467E+01  1.993288116E+02
1.901962843E+01  1.995290070E+02
1.903895218E+01  1.979627380E+02
1.905827593E+01  1.954807129E+02
1.907759969E+01  1.911697998E+02
1.909692344E+01  1.879234314E+02
1.911624719E+01  1.858621826E+02
1.913557095E+01  1.832261353E+02
1.915489470E+01  1.780245361E+02
1.917421846E+01  1.701178436E+02
1.919354221E+01  1.625907593E+02
1.921286596E+01  1.562458649E+02
1.923218972E+01  1.497396851E+02
1.925151347E+01  1.431831665E+02
1.927083723E+01  1.357970428E+02
1.929016098E+01  1.291064148E+02
1.930948473E+01  1.214958649E+02
1.932880849E+01  1.142075729E+02
1.934813224E+01  1.071308365E+02
1.936745600E+01  9.944540405E+01
1.938677975E+01  9.126258087E+01
1.940610350E+01  8.389525604E+01
1.942542726E+01  7.688867950E+01
1.944475101E+01  7.215422821E+01
1.946407476E+01  6.750730896E+01
1.948339852E+01  6.316215897E+01
1.950272227E+01  5.738376999E+01
1.952204603E+01  5.207014847E+01
1.954136978E+01  4.732335281E+01
1.956069353E+01  4.349126816E+01
1.958001729E+01  3.860729599E+01
1.959934104E+01  3.491501617E+01
1.961866480E+01  3.162821388E+01
1.963798855E+01  2.858175659E+01
1.965731230E+01  2.568740845E+01
1.967663606E+01  2.281958389E+01
1.969595981E+01  2.090323639E+01
1.971528356E+01  1.728276634E+01
1.973460732E+01  1.671665001E+01
1.975393107E+01  1.678101730E+01
1.977325483E+01  1.570802689E+01
1.979257858E+01  1.383289528E+01
1.981190233E+01  1.316397476E+01
1.983122609E+01  1.360931301E+01
1.985054984E+01  1.217588520E+01
1.986987360E+01  1.025303555E+01
1.988919735E+01  8.557070732E+00
1.990852110E+01  8.248934746E+00
1.992784486E+01  7.679574966E+00
1.994716861E+01  7.634088516E+00
1.996649237E+01  5.504086018E+00
1.998581612E+01  4.964699745E+00
2.000513987E+01  4.559301376E+00
2.002446363E+01  5.309125423E+00
2.004378738E+01  4.238905907E+00
2.006311113E+01  4.133227348E+00
2.008243489E+01  3.749660492E+00
2.010175864E+01  2.339761972E+00
2.012108240E+01  3.146020770E-01
2.014040615E+01  -7.820884585E-01
2.015972990E+01  1.228111014E-01
2.017905366E+01  -3.784414828E-01
2.019837741E+01  -4.171262383E-01
2.021770117E+01  -8.609999418E-01
2.023702492E+01  -1.233241200E+00
2.025634867E+01  -2.730028629E+00
2.027567243E+01  -3.760335922E+00
2.029499618E+01  -3.126840115E+00
2.031431993E+01  -3.162153482E+00
2.033364369E+01  -4.591617107E+00
2.035296744E+01  -4.329689026E+00
2.037229120E+01  -4.718714237E+00
2.039161495E+01  -4.337521076E+00
2.041093870E+01  -3.650104761E+00
2.043026246E+01  -1.749037027E+00
2.044958621E+01  -1.372802496E+00
2.046890997E+01  -2.411905050E+00
2.048823372E+01  -4.526301861E+00
2.050755747E+01  -4.561666489E+00
2.052688123E+01  -2.579175234E+00
2.054620498E+01  6.880286336E-02
2.056552874E+01  1.348813295E+00
2.058485249E+01  1.515304923E+00
2.060417624E+01  1.784943581E+00
2.062350000E+01  2.503844023E+00
2.064282375E+01  5.834823132E+00
2.066214750E+01  6.338693142E+00
2.068147126E+01  6.303849220E+00
2.070079501E+01  5.601000786E+00
2.072011877E+01  6.249329567E+00
2.073944252E+01  7.496808052E+00
2.075876627E+01  9.508671761E+00
2.077809003E+01  1.174925137E+01
2.079741378E+01  1.242215252E+01
2.081673754E+01  1.421097660E+01
2.083606129E+01  1.536085796E+01
2.085538504E+01  1.550853920E+01
2.087470880E+01  1.519969940E+01
2.089403255E+01  1.683060265E+01
2.091335630E+01  1.789369774E+01
2.093268006E+01  1.931868172E+01
2.095200381E+01  1.959602356E+01
2.097132757E+01  2.069079399E+01
2.099065132E+01  2.159782028E+01
2.100997507E+01  2.224159813E+01
2.102929883E+01  2.281588173E+01
2.104862258E+01  2.498656464E+01
2.106794634E+01  2.624055481E+01
2.108727009E+01  2.607839394E+01
2.110659384E+01  2.241782188E+01
2.112591760E+01  2.198025703E+01
2.114524135E+01  2.432300377E+01
2.116456511E+01  2.584537315E+01
2.118388886E+01  2.579891777E+01
2.120321261E+01  2.397445869E+01
2.122253637E+01  2.192765808E+01
2.124186012E+01  1.991481400E+01
2.126118387E+01  1.916971397E+01
2.128050763E+01  1.893146515E+01
2.129983138E+01  1.930900574E+01
2.131915514E+01  1.904060936E+01
2.133847889E+01  1.585278893E+01
2.135780264E+01  1.359749126E+01
2.137712640E+01  1.300454807E+01
2.139645015E+01  1.262210274E+01
2.141577391E+01  1.104732132E+01
2.143509766E+01  9.486703873E+00
2.145442141E+01  6.303198814E+00
2.147374517E+01  3.662692070E+00
2.149306892E+01  2.211496830E+00
2.151239267E+01  3.339053869E+00
2.153171643E+01  5.170850754E+00
2.155104018E+01  4.510809422E+00
2.157036394E+01  3.996071339E+00
2.158968769E+01  1.190996170E+00
2.160901144E+01  2.631889284E-01
2.162833520E+01  -2.378557920E+00
2.164765895E+01  -2.135286570E+00
2.166698271E+01  7.586912513E-01
2.168630646E+01  3.449420452E+00
2.170563021E+01  4.821459770E+00
2.172495397E+01  3.752766848E+00
2.174427772E+01  3.225787401E+00
2.176360148E+01  4.871889114E+00
2.178292523E+01  6.509208679E+00
2.180224898E+01  8.390943527E+00
2.182157274E+01  8.770298958E+00
2.184089649E+01  8.930274010E+00
2.186022024E+01  9.387764931E+00
2.187954400E+01  1.007350349E+01
2.189886775E+01  1.103713322E+01
2.191819151E+01  1.061811256E+01
2.193751526E+01  1.035196781E+01
2.195683901E+01  1.046223545E+01
2.197616277E+01  1.054284286E+01
2.199548652E+01  1.018822956E+01
2.201481028E+01  1.118280888E+01
2.203413403E+01  1.199803734E+01
2.205345778E+01  1.241106701E+01
2.207278154E+01  1.234434700E+01
2.209210529E+01  1.350795937E+01
2.211142904E+01  1.597383881E+01
2.213075280E+01  1.840770340E+01
2.215007655E+01  1.969625854E+01
2.216940031E+01  1.860783577E+01
2.218872406E+01  2.012784195E+01
2.220804781E+01  2.298732948E+01
2.222737157E+01  2.418105507E+01
2.224669532E+01  2.413105965E+01
2.226601908E+01  2.489393806E+01
2.228534283E+01  2.663495827E+01
2.230466658E+01  2.950648499E+01
2.232399034E+01  3.255886078E+01
2.234331409E+01  3.287224197E+01
2.236263785E+01  3.297285461E+01
2.238196160E+01  3.305590057E+01
2.240128535E+01  3.578632355E+01
2.242060911E+01  3.900122070E+01
2.243993286E+01  4.137191772E+01
2.245925661E+01  4.053486252E+01
2.247858037E+01  3.969413757E+01
2.249790412E+01  3.896471786E+01
2.251722788E+01  3.909465027E+01
2.253655163E+01  4.038179779E+01
2.255587538E+01  4.196801376E+01
2.257519914E+01  4.363748932E+01
2.259452289E+01  4.304525757E+01
2.261384665E+01  4.130754471E+01
2.263317040E+01  4.016359711E+01
2.265249415E+01  3.757751846E+01
2.267181791E+01  3.562423706E+01
2.269114166E+01  3.385620499E+01
2.271046542E+01  3.414958572E+01
2.272978917E+01  3.274698639E+01
2.274911292E+01  3.160485458E+01
2.276843668E+01  3.077629471E+01
2.278776043E+01  2.786712074E+01
2.280708418E+01  2.537008858E+01
2.282640794E+01  2.295980263E+01
2.284573169E+01  2.231108856E+01
2.286505545E+01  2.058433342E+01
2.288437920E+01  1.876484871E+01
2.290370295E+01  1.724977303E+01
2.292302671E+01  1.737762260E+01
2.294235046E+01  1.909088135E+01
2.296167422E+01  1.930441475E+01
2.298099797E+01  1.792817116E+01
2.300032172E+01  1.495800114E+01
2.301964548E+01  1.199201775E+01
2.303896923E+01  9.522590637E+00
2.305829298E+01  1.290435886E+01
2.307761674E+01  1.599999142E+01
2.309694049E+01  1.787671280E+01
2.311626425E+01  1.841007042E+01
2.313558800E+01  2.062304688E+01
2.315491175E+01  2.351222801E+01
2.317423551E+01  2.497725296E+01
2.319355926E+01  2.442530632E+01
2.321288302E+01  2.486731339E+01
2.323220677E+01  2.686349297E+01
2.325153052E+01  2.861491966E+01
2.327085428E+01  3.000477791E+01
2.329017803E+01  3.132639885E+01
2.330950179E+01  3.423345184E+01
2.332882554E+01  3.823994446E+01
2.334814929E+01  4.272194672E+01
2.336747305E+01  4.780405045E+01
2.338679680E+01  5.048340607E+01
2.340612055E+01  5.396077347E+01
2.342544431E+01  5.457289886E+01
2.344476806E+01  5.280252838E+01
2.346409182E+01  4.961238480E+01
2.348341557E+01  5.370250702E+01
2.350273932E+01  6.199827576E+01
2.352206308E+01  6.605276489E+01
2.354138683E+01  6.921934509E+01
2.356071059E+01  7.735555267E+01
2.358003434E+01  9.180549622E+01
2.359935809E+01  1.036535263E+02
2.361868185E+01  1.059881592E+02
2.363800560E+01  1.063729935E+02
2.365732935E+01  1.136961288E+02
2.367665311E+01  1.209010696E+02
2.369597686E+01  1.238121948E+02
2.371530062E+01  1.259179306E+02
2.373462437E+01  1.384393921E+02
2.375394812E+01  1.605871735E+02
2.377327188E+01  1.826319733E+02
2.379259563E+01  2.079615936E+02
2.381191939E+01  2.629387512E+02
2.383124314E+01  3.449356689E+02
2.385056689E+01  4.430256653E+02
2.386989065E+01  5.467982788E+02
2.388921440E+01  6.523582153E+02
2.390853816E+01  7.346465454E+02
2.392786191E+01  7.740734863E+02
2.394718566E+01  7.954463501E+02
2.396650942E+01  7.805647583E+02
2.398583317E+01  7.278961182E+02
2.400515692E+01  6.174113159E+02
2.402448068E+01  5.127950439E+02
2.404380443E+01  3.950536804E+02
2.406312819E+01  2.763796082E+02
2.408245194E+01  1.931078033E+02
2.410177569E+01  1.604205170E+02
2.412109945E+01  1.404071960E+02
2.414042320E+01  1.084316483E+02
2.415974696E+01  7.399017334E+01
2.417907071E+01  4.476897049E+01
2.419839446E+01  2.986405754E+01
2.421771822E+01  2.419781494E+01
2.423704197E+01  2.247355652E+01
2.425636572E+01  2.358934784E+01
2.427568948E+01  2.039484787E+01
2.429501323E+01  1.433217335E+01
2.431433699E+01  9.588974953E+00
2.433366074E+01  9.003469467E+00
2.435298449E+01  1.016112328E+01
2.437230825E+01  7.641475201E+00
2.439163200E+01  5.790358067E+00
2.441095576E+01  2.347344637E+00
2.443027951E+01  1.755806804E+00
2.444960326E+01  2.600176573E+00
2.446892702E+01  3.664544582E+00
2.448825077E+01  2.649460554E+00
2.450757453E+01  8.777499795E-01
2.452689828E+01  9.407595992E-01
2.454622203E+01  7.283928990E-01
2.456554579E+01  2.731108665E-01
2.458486954E+01  -1.216614008E+00
2.460419329E+01  -7.210367918E-01
2.462351705E+01  1.344774246E+00
2.464284080E+01  3.563806057E+00
2.466216456E+01  1.433857322E+00
2.468148831E+01  6.827320457E-01
2.470081206E+01  -1.650697112E+00
2.472013582E+01  -1.835865617E+00
2.473945957E+01  1.224540949E+00
2.475878333E+01  4.503383636E+00
2.477810708E+01  5.533894062E+00
2.479743083E+01  6.541029453E+00
2.481675459E+01  6.016921043E+00
2.483607834E+01  6.777278900E+00
2.485540209E+01  4.234102726E+00
2.487472585E+01  3.253602266E+00
2.489404960E+01  5.209484100E-01
2.491337336E+01  1.326657414E+00
2.493269711E+01  2.173774958E+00
2.495202086E+01  2.586475134E+00
2.497134462E+01  1.837849140E+00
2.499066837E+01  1.782428384E+00
2.500999213E+01  1.340213120E-01
2.502931588E+01  -2.569406331E-01
2.504863963E+01  1.855877042E+00
2.506796339E+01  3.295133352E+00
2.508728714E+01  2.341892481E+00
2.510661090E+01  5.495884418E-01
2.512593465E+01  1.253546238E+00
2.514525840E+01  2.614436626E+00
2.516458216E+01  2.952990770E+00
2.518390591E+01  1.985103607E+00
2.520322966E+01  1.384086490E+00
2.522255342E+01  -9.654326439E-01
2.524187717E+01  -7.414399385E-01
2.526120093E+01  6.545684338E-01
2.528052468E+01  2.673506975E+00
2.529984843E+01  1.559854984E+00
2.531917219E+01  -8.392700553E-01
2.533849594E+01  -9.789071679E-01
2.535781970E+01  4.296370745E-01
2.537714345E+01  2.107702792E-01
2.539646720E+01  7.038516402E-01
2.541579096E+01  1.172116518E+00
2.543511471E+01  2.327079058E+00
2.545443846E+01  3.120757103E+00
2.547376222E+01  3.335504055E+00
2.549308597E+01  4.319349766E+00
2.551240973E+01  2.798243523E+00
2.553173348E+01  1.618474960E+00
2.555105723E+01  -2.994839661E-02
2.557038099E+01  1.417937875E+00
2.558970474E+01  1.518255591E+00
2.560902850E+01  4.913695157E-01
2.562835225E+01  1.456009150E+00
2.564767600E+01  2.245910168E+00
2.566699976E+01  3.020401955E+00
2.568632351E+01  4.130367756E+00
2.570564727E+01  3.082348585E+00
2.572497102E+01  3.352015734E+00
2.574429477E+01  4.358286381E+00
2.576361853E+01  8.534120560E+00
2.578294228E+01  1.125938034E+01
2.580226603E+01  1.294139671E+01
2.582158979E+01  1.291682243E+01
2.584091354E+01  1.330880833E+01
2.586023730E+01  1.701627159E+01
2.587956105E+01  1.866261673E+01
2.589888480E+01  1.858647346E+01
2.591820856E+01  1.556288624E+01
2.593753231E+01  1.926743507E+01
2.595685607E+01  2.504601669E+01
2.597617982E+01  3.071318817E+01
2.599550357E+01  3.331048584E+01
2.601482733E+01  3.516648102E+01
2.603415108E+01  3.463166046E+01
2.605347483E+01  3.482184601E+01
2.607279859E+01  3.609232330E+01
2.609212234E+01  4.190576553E+01
2.611144610E+01  4.660081863E+01
2.613076985E+01  5.053198242E+01
2.615009360E+01  5.332647324E+01
2.616941736E+01  6.068036652E+01
2.618874111E+01  6.609055328E+01
2.620806487E+01  6.705908203E+01
2.622738862E+01  6.599674225E+01
2.624671237E+01  6.807292175E+01
2.626603613E+01  6.777616119E+01
2.628535988E+01  6.672252655E+01
2.630468364E+01  6.435479736E+01
2.632400739E+01  5.849133682E+01
2.634333114E+01  5.209999466E+01
2.636265490E+01  4.926956558E+01
2.638197865E+01  4.888946152E+01
2.640130240E+01  4.593243790E+01
2.642062616E+01  4.215062714E+01
2.643994991E+01  4.026084137E+01
2.645927367E+01  4.045213699E+01
2.647859742E+01  4.018732834E+01
2.649792117E+01  4.178426743E+01
2.651724493E+01  4.240533829E+01
2.653656868E+01  4.668319702E+01
2.655589244E+01  4.788259888E+01
2.657521619E+01  4.789309311E+01
2.659453994E+01  4.615060806E+01
2.661386370E+01  4.945241165E+01
2.663318745E+01  4.928690720E+01
2.665251120E+01  4.817957687E+01
2.667183496E+01  4.674937057E+01
2.669115871E+01  4.931633759E+01
2.671048247E+01  5.272585678E+01
2.672980622E+01  5.542941284E+01
2.674912997E+01  5.667404938E+01
2.676845373E+01  5.507192993E+01
2.678777748E+01  5.602952576E+01
2.680710124E+01  5.632818604E+01
2.682642499E+01  5.859285355E+01
2.684574874E+01  5.877451324E+01
2.686507250E+01  6.195801163E+01
2.688439625E+01  6.389357758E+01
2.690372001E+01  6.705345154E+01
2.692304376E+01  6.915922546E+01
2.694236751E+01  7.212495422E+01
2.696169127E+01  7.228961182E+01
2.698101502E+01  7.319464874E+01
2.700033877E+01  7.264897156E+01
2.701966253E+01  7.691545868E+01
2.703898628E+01  7.995048523E+01
2.705831004E+01  8.323913574E+01
2.707763379E+01  8.344609833E+01
2.709695754E+01  8.209294128E+01
2.711628130E+01  8.436720276E+01
2.713560505E+01  8.828450775E+01
2.715492881E+01  9.208143616E+01
2.717425256E+01  9.213592529E+01
2.719357631E+01  9.542874908E+01
2.721290007E+01  9.975222778E+01
2.723222382E+01  1.026543961E+02
2.725154757E+01  1.027981033E+02
2.727087133E+01  1.027420654E+02
2.729019508E+01  1.012924118E+02
2.730951884E+01  1.028586884E+02
2.732884259E+01  1.069643402E+02
2.734816634E+01  1.111959457E+02
2.736749010E+01  1.105249863E+02
2.738681385E+01  1.101030426E+02
2.740613761E+01  1.124304428E+02
2.742546136E+01  1.167098236E+02
2.744478511E+01  1.165955963E+02
2.746410887E+01  1.138287125E+02
2.748343262E+01  1.097615509E+02
2.750275638E+01  1.009172287E+02
2.752208013E+01  9.261603546E+01
2.754140388E+01  8.210041046E+01
2.756072764E+01  8.288063049E+01
2.758005139E+01  8.446694183E+01
2.759937514E+01  8.449821472E+01
2.761869890E+01  7.297922516E+01
2.763802265E+01  5.120199203E+01
2.765734641E+01  4.219034576E+01
2.767667016E+01  4.143892288E+01
2.769599391E+01  3.584893036E+01
2.771531767E+01  1.508214188E+01
2.773464142E+01  -3.126858473E+00
2.775396518E+01  1.060499573E+01
2.777328893E+01  1.437175941E+01
2.779261268E+01  9.656952858E+00
2.781193644E+01  1.097467995E+01
2.783126019E+01  1.934744453E+01
2.785058394E+01  3.098561287E+01
2.786990770E+01  5.335849762E+01
2.788923145E+01  9.475983429E+01
2.790855521E+01  1.413761902E+02
2.792787896E+01  1.625223694E+02
2.794720271E+01  2.111949310E+02
2.796652647E+01  2.831916504E+02
2.798585022E+01  3.448069153E+02
2.800517398E+01  4.061623230E+02
2.802449773E+01  4.651740723E+02
2.804382148E+01  5.188637695E+02
2.806314524E+01  4.782832642E+02
2.808246899E+01  4.773303833E+02
2.810179275E+01  5.345661621E+02
2.812111650E+01  5.935874023E+02
2.814044025E+01  6.115546265E+02
2.815976401E+01  5.856878662E+02
2.817908776E+01  5.277137451E+02
2.819841151E+01  4.530119629E+02
2.821773527E+01  4.146695557E+02
2.823705902E+01  5.234461670E+02
2.825638278E+01  5.476187134E+02
2.827570653E+01  5.039014893E+02
2.829503028E+01  4.130268250E+02
2.831435404E+01  3.282623291E+02
2.833367779E+01  2.533676758E+02
2.835300155E+01  2.047979126E+02
2.837232530E+01  1.651454773E+02
2.839164905E+01  1.342789917E+02
2.841097281E+01  1.154050674E+02
2.843029656E+01  9.528093719E+01
2.844962031E+01  8.018434906E+01
2.846894407E+01  6.792898560E+01
2.848826782E+01  6.618201447E+01
2.850759158E+01  6.311368942E+01
2.852691533E+01  5.899356842E+01
2.854623908E+01  5.031434631E+01
2.856556284E+01  4.231056976E+01
2.858488659E+01  3.785414886E+01
2.860421035E+01  3.933257675E+01
2.862353410E+01  4.221771622E+01
2.864285785E+01  4.468199539E+01
2.866218161E+01  4.118783951E+01
2.868150536E+01  3.896633911E+01
2.870082912E+01  3.547543716E+01
2.872015287E+01  3.506542587E+01
2.873947662E+01  3.345451355E+01
2.875880038E+01  3.340306854E+01
2.877812413E+01  3.442393494E+01
2.879744788E+01  3.223186874E+01
2.881677164E+01  2.799821854E+01
2.883609539E+01  2.443327332E+01
2.885541915E+01  2.594397736E+01
2.887474290E+01  2.629327583E+01
2.889406665E+01  2.315771484E+01
2.891339041E+01  1.475711155E+01
2.893271416E+01  1.266365910E+01
2.895203792E+01  1.036466885E+01
2.897136167E+01  5.008877277E+00
2.899068542E+01  -6.631580591E-01
2.901000918E+01  2.430014133E+00
2.902933293E+01  1.151907063E+01
2.904865668E+01  1.897546005E+01
2.906798044E+01  1.497441864E+01
2.908730419E+01  4.594655037E+00
2.910662795E+01  1.550410059E-03
2.912595170E+01  2.004125118E+00
2.914527545E+01  8.254611015E+00
2.916459921E+01  1.173551273E+01
2.918392296E+01  1.182730389E+01
2.920324672E+01  2.780682802E+00
2.922257047E+01  -2.048009634E+00
2.924189422E+01  -3.649012804E+00
2.926121798E+01  -5.026114464E+00
2.928054173E+01  -6.677512169E+00
2.929986549E+01  -2.909313679E+00
2.931918924E+01  -1.195100665E+00
2.933851299E+01  -2.887795866E-01
2.935783675E+01  1.728119552E-01
2.937716050E+01  -2.975721359E+00
2.939648425E+01  -2.401130199E+00
2.941580801E+01  5.549535751E+00
2.943513176E+01  9.054905891E+00
2.945445552E+01  7.505925179E+00
2.947377927E+01  2.669558287E+00
2.949310302E+01  -2.288048506E+00
2.951242678E+01  -1.013702583E+01
2.953175053E+01  -6.084445000E+00
2.955107429E+01  -3.022742033E+00
2.957039804E+01  4.878701687E+00
2.958972179E+01  9.806027412E+00
2.960904555E+01  -5.846655369E+00
