4.430194252E+00  6.720517159E+00
4.449518006E+00  6.368583679E+00
4.468841760E+00  6.653935909E+00
4.488165514E+00  6.790861607E+00
4.507489268E+00  7.128371239E+00
4.526813022E+00  2.757419109E+00
4.546136775E+00  2.783745229E-01
4.565460529E+00  -1.228823066E+00
4.584784283E+00  1.889922619E+00
4.604108037E+00  3.607658148E+00
4.623431791E+00  4.620343685E+00
4.642755545E+00  5.551854134E+00
4.662079299E+00  6.201609135E+00
4.681403053E+00  7.502591610E+00
4.700726806E+00  8.740007401E+00
4.720050560E+00  9.206988335E+00
4.739374314E+00  8.600167274E+00
4.758698068E+00  6.747704506E+00
4.778021822E+00  3.822624683E+00
4.797345576E+00  3.799036980E+00
4.816669330E+00  3.850938797E+00
4.835993084E+00  4.261942387E+00
4.855316837E+00  3.096637249E+00
4.874640591E+00  3.063973904E+00
4.893964345E+00  5.556784630E+00
4.913288099E+00  7.088592052E+00
4.932611853E+00  6.914313793E+00
4.951935607E+00  5.499381065E+00
4.971259361E+00  5.246926785E+00
4.990583115E+00  3.689080238E+00
5.009906868E+00  2.707531691E+00
5.029230622E+00  2.083175182E+00
5.048554376E+00  5.010205507E-02
5.067878130E+00  -1.416582763E-01
5.087201884E+00  -1.931511998E+00
5.106525638E+00  5.213654600E-03
5.125849392E+00  6.775353551E-01
5.145173145E+00  3.280820131E+00
5.164496899E+00  6.776143074E+00
5.183820653E+00  7.179082394E+00
5.203144407E+00  6.680754662E+00
5.222468161E+00  3.314722776E+00
5.241791915E+00  3.632672548E+00
5.261115669E+00  1.912295461E+00
5.280439423E+00  2.853301466E-01
5.299763176E+00  -1.360724568E+00
5.319086930E+00  -1.806336641E+00
5.338410684E+00  2.042633146E-01
5.357734438E+00  -1.778265357E+00
5.377058192E+00  -1.116753936E+00
5.396381946E+00  -7.885271311E-02
5.415705700E+00  2.105246544E+00
5.435029454E+00  1.601117134E+00
5.454353207E+00  1.247609735E+00
5.473676961E+00  1.590236902E+00
5.493000715E+00  1.745141149E+00
5.512324469E+00  1.363662839E+00
5.531648223E+00  2.244626999E+00
5.550971977E+00  3.914417505E+00
5.570295731E+00  5.230011940E+00
5.589619485E+00  3.096285343E+00
5.608943238E+00  1.674288511E+00
5.628266992E+00  2.514097214E+00
5.647590746E+00  3.431072474E+00
5.666914500E+00  2.543016672E+00
5.686238254E+00  4.198796749E-01
5.705562008E+00  -2.855753303E-01
5.724885762E+00  -5.052021146E-01
5.744209516E+00  1.448679566E+00
5.763533269E+00  2.736602306E+00
5.782857023E+00  1.190237522E+00
5.802180777E+00  1.859798670E+00
5.821504531E+00  1.600258350E+00
5.840828285E+00  1.254728436E+00
5.860152039E+00  -3.347731233E-01
5.879475793E+00  -1.852130145E-01
5.898799546E+00  -2.255073488E-01
5.918123300E+00  -7.601370215E-01
5.937447054E+00  1.166841030E+00
5.956770808E+00  8.245259523E-01
5.976094562E+00  7.404773235E-01
5.995418316E+00  -1.069560051E+00
6.014742070E+00  2.205940336E-01
6.034065824E+00  2.411842346E+00
6.053389577E+00  2.720951080E+00
6.072713331E+00  2.421639204E+00
6.092037085E+00  1.486399293E+00
6.111360839E+00  2.385543346E+00
6.130684593E+00  2.656268358E+00
6.150008347E+00  4.001894295E-01
6.169332101E+00  4.078256786E-01
6.188655855E+00  1.128791571E+00
6.207979608E+00  1.965719819E+00
6.227303362E+00  1.318186879E+00
6.246627116E+00  5.399708152E-01
6.265950870E+00  6.433814764E-01
6.285274624E+00  1.652032256E+00
6.304598378E+00  2.246338606E+00
6.323922132E+00  2.754478216E+00
6.343245886E+00  3.247604132E+00
6.362569639E+00  5.166797161E+00
6.381893393E+00  5.895822048E+00
6.401217147E+00  6.681057453E+00
6.420540901E+00  5.491365910E+00
6.439864655E+00  4.849891663E+00
6.459188409E+00  2.883635998E+00
6.478512163E+00  2.009994268E+00
6.497835917E+00  -5.917922854E-01
6.517159670E+00  -4.056659043E-01
6.536483424E+00  5.651878193E-02
6.555807178E+00  1.574351072E+00
6.575130932E+00  1.593395233E+00
6.594454686E+00  1.948111057E+00
6.613778440E+00  2.967586040E+00
6.633102194E+00  8.244314790E-01
6.652425947E+00  8.680523634E-01
6.671749701E+00  1.324771643E-01
6.691073455E+00  1.752145171E+00
6.710397209E+00  9.545962214E-01
6.729720963E+00  -3.928849697E-01
6.749044717E+00  3.346612751E-01
6.768368471E+00  -1.399798393E+00
6.787692225E+00  -6.929886341E-01
6.807015978E+00  -5.536146760E-01
6.826339732E+00  2.536466420E-01
6.845663486E+00  7.660095692E-01
6.864987240E+00  1.971504927E+00
6.884310994E+00  2.113909245E+00
6.903634748E+00  2.026481390E+00
6.922958502E+00  5.870348215E-01
6.942282256E+00  8.922470212E-01
6.961606009E+00  1.377524376E+00
6.980929763E+00  4.004249096E+00
7.000253517E+00  4.800294876E+00
7.019577271E+00  3.629305363E+00
7.038901025E+00  5.356503129E-01
7.058224779E+00  2.341621667E-01
7.077548533E+00  -1.025238261E-01
7.096872287E+00  -1.804430604E+00
7.116196040E+00  -1.237698555E+00
7.135519794E+00  7.828055024E-01
7.154843548E+00  1.410957456E+00
7.174167302E+00  1.236895204E+00
7.193491056E+00  3.281393528E+00
7.212814810E+00  5.850836754E+00
7.232138564E+00  7.069681168E+00
7.251462318E+00  6.080156326E+00
7.270786071E+00  3.770042181E+00
7.290109825E+00  2.332481384E+00
7.309433579E+00  2.184676647E+00
7.328757333E+00  2.009393215E+00
7.348081087E+00  3.848424852E-01
7.367404841E+00  3.850250840E-01
7.386728595E+00  2.340719461E+00
7.406052349E+00  2.921029091E+00
7.425376102E+00  2.997644424E+00
7.444699856E+00  8.128190041E-01
7.464023610E+00  -9.388378263E-01
7.483347364E+00  -6.662604809E-01
7.502671118E+00  -8.035498261E-01
7.521994872E+00  -6.886261702E-01
7.541318626E+00  -3.969596922E-01
7.560642379E+00  -4.048907459E-01
7.579966133E+00  6.457318664E-01
7.599289887E+00  1.778127551E+00
7.618613641E+00  2.036551237E+00
7.637937395E+00  1.670384645E+00
7.657261149E+00  2.294547319E+00
7.676584903E+00  4.067239285E+00
7.695908657E+00  1.708992600E+00
7.715232410E+00  2.923760796E-03
7.734556164E+00  3.623671532E-01
7.753879918E+00  3.166818857E+00
7.773203672E+00  2.201394320E+00
7.792527426E+00  1.927223355E-01
7.811851180E+00  -1.619764686E+00
7.831174934E+00  -7.081932425E-01
7.850498688E+00  -1.322249025E-01
7.869822441E+00  3.623098433E-01
7.889146195E+00  1.519190907E+00
7.908469949E+00  2.181912899E+00
7.927793703E+00  2.123514652E+00
7.947117457E+00  1.639102459E+00
7.966441211E+00  1.643744230E+00
7.985764965E+00  1.373633027E+00
8.005088719E+00  1.816742420E+00
8.024412472E+00  3.418870926E+00
8.043736226E+00  3.721815348E+00
8.063059980E+00  2.100419283E+00
8.082383734E+00  1.335070491E+00
8.101707488E+00  3.309931040E+00
8.121031242E+00  6.117903709E+00
8.140354996E+00  9.468333244E+00
8.159678750E+00  1.045261765E+01
8.179002503E+00  1.236060047E+01
8.198326257E+00  1.311122227E+01
8.217650011E+00  1.440264893E+01
8.236973765E+00  1.385801506E+01
8.256297519E+00  1.407716560E+01
8.275621273E+00  1.595475960E+01
8.294945027E+00  1.761678123E+01
8.314268780E+00  1.893761444E+01
8.333592534E+00  1.950830460E+01
8.352916288E+00  2.018389702E+01
8.372240042E+00  2.123407745E+01
8.391563796E+00  2.290296555E+01
8.410887550E+00  2.537616158E+01
8.430211304E+00  2.704586983E+01
8.449535058E+00  2.900283813E+01
8.468858811E+00  2.878025436E+01
8.488182565E+00  3.041599846E+01
8.507506319E+00  2.802320099E+01
8.526830073E+00  2.840254402E+01
8.546153827E+00  2.606448364E+01
8.565477581E+00  2.654029083E+01
8.584801335E+00  2.606857300E+01
8.604125089E+00  2.620221710E+01
8.623448842E+00  2.348100853E+01
8.642772596E+00  2.162474632E+01
8.662096350E+00  2.036235809E+01
8.681420104E+00  1.811355209E+01
8.700743858E+00  1.692730141E+01
8.720067612E+00  1.496013451E+01
8.739391366E+00  1.383551311E+01
8.758715120E+00  1.190655041E+01
8.778038873E+00  1.002335167E+01
8.797362627E+00  1.062409973E+01
8.816686381E+00  1.045650005E+01
8.836010135E+00  1.023160934E+01
8.855333889E+00  8.238103867E+00
8.874657643E+00  7.789076328E+00
8.893981397E+00  9.132694244E+00
8.913305151E+00  9.597967148E+00
8.932628904E+00  9.149935722E+00
8.951952658E+00  9.001752853E+00
8.971276412E+00  9.438177109E+00
8.990600166E+00  9.892494202E+00
9.009923920E+00  1.028246784E+01
9.029247674E+00  1.300693607E+01
9.048571428E+00  1.275392342E+01
9.067895181E+00  5.404463768E+00
9.087218935E+00  -4.394146919E+00
9.106542689E+00  -6.380931377E+00
9.125866443E+00  3.126884699E+00
9.145190197E+00  1.079686546E+01
9.164513951E+00  1.281164551E+01
9.183837705E+00  1.201493263E+01
9.203161459E+00  1.466517162E+01
9.222485212E+00  1.673339653E+01
9.241808966E+00  1.627775192E+01
9.261132720E+00  1.423816013E+01
9.280456474E+00  1.410258770E+01
9.299780228E+00  1.250518894E+01
9.319103982E+00  1.183420849E+01
9.338427736E+00  1.088896275E+01
9.357751490E+00  1.168720913E+01
9.377075243E+00  1.061528301E+01
9.396398997E+00  6.196896553E+00
9.415722751E+00  2.566268921E+00
9.435046505E+00  1.381208897E+00
9.454370259E+00  2.373153448E+00
9.473694013E+00  3.321766853E+00
9.493017767E+00  3.012696028E+00
9.512341521E+00  2.577891111E+00
9.531665274E+00  3.478895426E-01
9.550989028E+00  -9.401863813E-01
9.570312782E+00  -2.189272642E+00
9.589636536E+00  -2.042472363E+00
9.608960290E+00  -1.309092879E+00
9.628284044E+00  -8.042567968E-01
9.647607798E+00  -2.073123604E-01
9.666931552E+00  -5.493934751E-01
9.686255305E+00  9.581997395E-01
9.705579059E+00  3.783358634E-01
9.724902813E+00  2.639838219E+00
9.744226567E+00  4.966186047E+00
9.763550321E+00  8.281509399E+00
9.782874075E+00  1.095691872E+01
9.802197829E+00  1.513081074E+01
9.821521582E+00  1.915904999E+01
9.840845336E+00  2.514694977E+01
9.860169090E+00  3.256767273E+01
9.879492844E+00  4.091333771E+01
9.898816598E+00  4.645968628E+01
9.918140352E+00  5.364349365E+01
9.937464106E+00  6.102521896E+01
9.956787860E+00  6.940840912E+01
9.976111613E+00  7.663555145E+01
9.995435367E+00  8.153538513E+01
1.001475912E+01  8.405934906E+01
1.003408288E+01  8.324860382E+01
1.005340663E+01  8.039473724E+01
1.007273038E+01  7.782021332E+01
1.009205414E+01  7.290260315E+01
1.011137789E+01  6.752644348E+01
1.013070164E+01  6.173514175E+01
1.015002540E+01  5.563303375E+01
1.016934915E+01  4.717644501E+01
1.018867291E+01  3.877816391E+01
1.020799666E+01  2.988532448E+01
1.022732041E+01  2.334760094E+01
1.024664417E+01  1.755293274E+01
1.026596792E+01  1.251836300E+01
1.028529168E+01  8.514062881E+00
1.030461543E+01  4.291860104E+00
1.032393918E+01  2.633092642E+00
1.034326294E+01  7.680525780E-01
1.036258669E+01  -7.236171365E-01
1.038191044E+01  -8.699467778E-01
1.040123420E+01  9.260334969E-01
1.042055795E+01  2.439767361E+00
1.043988171E+01  4.489681244E+00
1.045920546E+01  5.696467876E+00
1.047852921E+01  6.499450207E+00
1.049785297E+01  6.783051491E+00
1.051717672E+01  1.100424385E+01
1.053650048E+01  1.795524788E+01
1.055582423E+01  2.712706184E+01
1.057514798E+01  3.428221893E+01
1.059447174E+01  3.947847748E+01
1.061379549E+01  4.234421158E+01
1.063311925E+01  4.612821960E+01
1.065244300E+01  5.156885529E+01
1.067176675E+01  5.673975372E+01
1.069109051E+01  6.130690384E+01
1.071041426E+01  6.488141632E+01
1.072973801E+01  6.948415375E+01
1.074906177E+01  7.416703033E+01
1.076838552E+01  7.822812653E+01
1.078770928E+01  8.336476898E+01
1.080703303E+01  8.960757446E+01
1.082635678E+01  9.670866394E+01
1.084568054E+01  1.027300262E+02
1.086500429E+01  1.064285049E+02
1.088432805E+01  1.126579361E+02
1.090365180E+01  1.194858093E+02
1.092297555E+01  1.264286118E+02
1.094229931E+01  1.330956421E+02
1.096162306E+01  1.392146454E+02
1.098094681E+01  1.443834381E+02
1.100027057E+01  1.452089691E+02
1.101959432E+01  1.462294922E+02
1.103891808E+01  1.442516479E+02
1.105824183E+01  1.410754089E+02
1.107756558E+01  1.376159973E+02
1.109688934E+01  1.342082672E+02
1.111621309E+01  1.313559875E+02
1.113553685E+01  1.266554260E+02
1.115486060E+01  1.205101547E+02
1.117418435E+01  1.130326843E+02
1.119350811E+01  1.058166504E+02
1.121283186E+01  9.930744171E+01
1.123215562E+01  9.293594360E+01
1.125147937E+01  8.839445496E+01
1.127080312E+01  8.593326569E+01
1.129012688E+01  8.448446655E+01
1.130945063E+01  8.350714874E+01
1.132877438E+01  8.340365601E+01
1.134809814E+01  8.413847351E+01
1.136742189E+01  8.745087433E+01
1.138674565E+01  9.063690186E+01
1.140606940E+01  9.706278229E+01
1.142539315E+01  1.055804672E+02
1.144471691E+01  1.180220108E+02
1.146404066E+01  1.300462341E+02
1.148336442E+01  1.445906372E+02
1.150268817E+01  1.588958435E+02
1.152201192E+01  1.773685608E+02
1.154133568E+01  1.974605713E+02
1.156065943E+01  2.182492523E+02
1.157998318E+01  2.359139252E+02
1.159930694E+01  2.531117859E+02
1.161863069E+01  2.665563354E+02
1.163795445E+01  2.773076477E+02
1.165727820E+01  2.834512939E+02
1.167660195E+01  2.883283997E+02
1.169592571E+01  2.861788330E+02
1.171524946E+01  2.803806458E+02
1.173457322E+01  2.702453308E+02
1.175389697E+01  2.563592529E+02
1.177322072E+01  2.387810516E+02
1.179254448E+01  2.201987457E+02
1.181186823E+01  1.993261566E+02
1.183119199E+01  1.790052338E+02
1.185051574E+01  1.592301788E+02
1.186983949E+01  1.390032806E+02
1.188916325E+01  1.207422943E+02
1.190848700E+01  1.024718704E+02
1.192781075E+01  8.748084259E+01
1.194713451E+01  7.479067993E+01
1.196645826E+01  6.328420639E+01
1.198578202E+01  5.474829102E+01
1.200510577E+01  4.757140732E+01
1.202442952E+01  4.033174515E+01
1.204375328E+01  3.399743271E+01
1.206307703E+01  2.721852303E+01
1.208240079E+01  2.267979813E+01
1.210172454E+01  1.937079239E+01
1.212104829E+01  1.525253963E+01
1.214037205E+01  1.130984211E+01
1.215969580E+01  9.498041153E+00
1.217901955E+01  9.188586235E+00
1.219834331E+01  8.637793541E+00
1.221766706E+01  8.632843018E+00
1.223699082E+01  8.010098457E+00
1.225631457E+01  7.408284664E+00
1.227563832E+01  7.805114269E+00
1.229496208E+01  7.394489765E+00
1.231428583E+01  5.309161663E+00
1.233360959E+01  1.882453680E+00
1.235293334E+01  -1.952811360E+00
1.237225709E+01  -3.014892101E+00
1.239158085E+01  -2.870443344E+00
1.241090460E+01  -2.164346933E+00
1.243022836E+01  -2.846517324E+00
1.244955211E+01  -4.183620453E+00
1.246887586E+01  -6.400918961E+00
1.248819962E+01  -6.490621567E+00
1.250752337E+01  -5.728973866E+00
1.252684712E+01  -3.360341787E+00
1.254617088E+01  -2.345015764E+00
1.256549463E+01  -1.039144397E+00
1.258481839E+01  1.285487652E+00
1.260414214E+01  2.514454842E+00
1.262346589E+01  4.216566563E+00
1.264278965E+01  7.206362724E+00
1.266211340E+01  1.228776264E+01
1.268143716E+01  1.348697281E+01
1.270076091E+01  1.524754620E+01
1.272008466E+01  1.663570404E+01
1.273940842E+01  2.015624428E+01
1.275873217E+01  2.368051910E+01
1.277805592E+01  2.673988342E+01
1.279737968E+01  2.737700653E+01
1.281670343E+01  2.764709282E+01
1.283602719E+01  2.898798180E+01
1.285535094E+01  3.206609726E+01
1.287467469E+01  3.361433411E+01
1.289399845E+01  3.424771500E+01
1.291332220E+01  3.476905060E+01
1.293264596E+01  3.533789062E+01
1.295196971E+01  3.527470016E+01
1.297129346E+01  3.485358047E+01
1.299061722E+01  3.490505981E+01
1.300994097E+01  3.427553940E+01
1.302926473E+01  3.284462738E+01
1.304858848E+01  3.206665039E+01
1.306791223E+01  3.357144928E+01
1.308723599E+01  3.614511490E+01
1.310655974E+01  3.891477585E+01
1.312588349E+01  4.194894409E+01
1.314520725E+01  4.696257401E+01
1.316453100E+01  5.108832550E+01
1.318385476E+01  5.584819794E+01
1.320317851E+01  5.882275009E+01
1.322250226E+01  6.462007141E+01
1.324182602E+01  7.179129791E+01
1.326114977E+01  7.994097900E+01
1.328047353E+01  8.748268127E+01
1.329979728E+01  9.726615906E+01
1.331912103E+01  1.087783051E+02
1.333844479E+01  1.227869492E+02
1.335776854E+01  1.357561035E+02
1.337709229E+01  1.493818817E+02
1.339641605E+01  1.660417175E+02
1.341573980E+01  1.864954681E+02
1.343506356E+01  2.075984344E+02
1.345438731E+01  2.261173401E+02
1.347371106E+01  2.470149536E+02
1.349303482E+01  2.660736694E+02
1.351235857E+01  2.840973511E+02
1.353168233E+01  2.976157532E+02
1.355100608E+01  3.084801025E+02
1.357032983E+01  3.172532043E+02
1.358965359E+01  3.176907959E+02
1.360897734E+01  3.125641785E+02
1.362830110E+01  3.042380981E+02
1.364762485E+01  2.931886902E+02
1.366694860E+01  2.785465393E+02
1.368627236E+01  2.613491211E+02
1.370559611E+01  2.438027496E+02
1.372491986E+01  2.262024994E+02
1.374424362E+01  2.074590302E+02
1.376356737E+01  1.883555145E+02
1.378289113E+01  1.715157928E+02
1.380221488E+01  1.564791718E+02
1.382153863E+01  1.401361389E+02
1.384086239E+01  1.263541641E+02
1.386018614E+01  1.132415848E+02
1.387950990E+01  1.030101700E+02
1.389883365E+01  9.479905701E+01
1.391815740E+01  9.046632385E+01
1.393748116E+01  8.787044525E+01
1.395680491E+01  8.758146667E+01
1.397612866E+01  8.607342529E+01
1.399545242E+01  8.849533081E+01
1.401477617E+01  9.039088440E+01
1.403409993E+01  9.359888458E+01
1.405342368E+01  9.790949249E+01
1.407274743E+01  1.050932617E+02
1.409207119E+01  1.144553452E+02
1.411139494E+01  1.236104431E+02
1.413071870E+01  1.360315552E+02
1.415004245E+01  1.499387207E+02
1.416936620E+01  1.657194366E+02
1.418868996E+01  1.844373932E+02
1.420801371E+01  2.073049164E+02
1.422733747E+01  2.310184479E+02
1.424666122E+01  2.479553070E+02
1.426598497E+01  2.583890076E+02
1.428530873E+01  2.623567200E+02
1.430463248E+01  2.651724243E+02
1.432395623E+01  2.721388550E+02
1.434327999E+01  2.795104370E+02
1.436260374E+01  2.817048645E+02
1.438192750E+01  2.952941284E+02
1.440125125E+01  3.127430115E+02
1.442057500E+01  3.382165527E+02
1.443989876E+01  3.813269958E+02
1.445922251E+01  4.254910583E+02
1.447854627E+01  4.928993530E+02
1.449787002E+01  5.471513062E+02
1.451719377E+01  6.057695312E+02
1.453651753E+01  6.693638916E+02
1.455584128E+01  6.997741089E+02
1.457516503E+01  6.899635620E+02
1.459448879E+01  6.288780518E+02
1.461381254E+01  5.336290894E+02
1.463313630E+01  4.452570190E+02
1.465246005E+01  3.399085388E+02
1.467178380E+01  2.596821899E+02
1.469110756E+01  1.929427338E+02
1.471043131E+01  1.533754883E+02
1.472975507E+01  1.158432846E+02
1.474907882E+01  9.518073273E+01
1.476840257E+01  8.820780182E+01
1.478772633E+01  8.099451447E+01
1.480705008E+01  2.596935081E+01
1.482637384E+01  8.233686447E+00
1.484569759E+01  4.495888233E+00
1.486502134E+01  -2.355206013E+00
1.488434510E+01  -8.220006943E+00
1.490366885E+01  -7.497157097E+00
1.492299260E+01  3.676390648E-01
1.494231636E+01  9.028103828E+00
1.496164011E+01  1.433064938E+01
1.498096387E+01  1.552360344E+01
1.500028762E+01  1.910584831E+01
1.501961137E+01  1.683609390E+01
1.503893513E+01  1.336667252E+01
1.505825888E+01  1.334631729E+01
1.507758264E+01  1.784887886E+01
1.509690639E+01  2.032303047E+01
1.511623014E+01  1.946580124E+01
1.513555390E+01  1.597233391E+01
1.515487765E+01  1.353222656E+01
1.517420140E+01  1.224114895E+01
1.519352516E+01  1.062452316E+01
1.521284891E+01  8.689284325E+00
1.523217267E+01  7.563041687E+00
1.525149642E+01  7.286797047E+00
1.527082017E+01  6.186288357E+00
1.529014393E+01  5.766759396E+00
1.530946768E+01  6.235178947E+00
1.532879144E+01  4.849116802E+00
1.534811519E+01  3.500724554E+00
1.536743894E+01  2.016542435E+00
1.538676270E+01  1.589869022E+00
1.540608645E+01  1.671386361E+00
1.542541021E+01  2.333171368E+00
1.544473396E+01  2.655658245E+00
1.546405771E+01  1.332860827E+00
1.548338147E+01  1.164630279E-01
1.550270522E+01  6.375951767E-01
1.552202897E+01  8.023394346E-01
1.554135273E+01  4.255174994E-01
1.556067648E+01  -6.643033773E-02
1.558000024E+01  -1.110544801E+00
1.559932399E+01  -1.154078245E+00
1.561864774E+01  3.826135397E-01
1.563797150E+01  3.013294935E+00
1.565729525E+01  3.535702229E+00
1.567661901E+01  2.963671207E+00
1.569594276E+01  1.192905664E+00
1.571526651E+01  2.333972156E-01
1.573459027E+01  5.790524483E-01
1.575391402E+01  1.270678759E+00
1.577323778E+01  1.384995818E+00
1.579256153E+01  3.613734961E+00
1.581188528E+01  2.199428320E+00
1.583120904E+01  4.407763183E-01
1.585053279E+01  -4.887489676E-01
1.586985654E+01  3.331156671E-01
1.588918030E+01  1.373321533E+00
1.590850405E+01  1.442821860E+00
1.592782781E+01  1.075964332E+00
1.594715156E+01  1.199190140E+00
1.596647531E+01  -7.355862111E-02
1.598579907E+01  -1.419356227E+00
1.600512282E+01  -5.457975268E-01
1.602444658E+01  1.147378325E+00
1.604377033E+01  1.375171185E+00
1.606309408E+01  1.975618243E+00
1.608241784E+01  4.014039993E+00
1.610174159E+01  5.059893131E+00
1.612106534E+01  6.345705509E+00
1.614038910E+01  7.658431053E+00
1.615971285E+01  1.068856716E+01
1.617903661E+01  1.263342667E+01
1.619836036E+01  1.588390255E+01
1.621768411E+01  1.759721947E+01
1.623700787E+01  2.146329308E+01
1.625633162E+01  2.376526642E+01
1.627565538E+01  2.696570206E+01
1.629497913E+01  2.820388222E+01
1.631430288E+01  3.008439445E+01
1.633362664E+01  3.158678627E+01
1.635295039E+01  3.658583450E+01
1.637227415E+01  4.460715866E+01
1.639159790E+01  5.167169571E+01
1.641092165E+01  5.431182480E+01
1.643024541E+01  5.505230331E+01
1.644956916E+01  5.601893616E+01
1.646889291E+01  5.462360001E+01
1.648821667E+01  4.748492813E+01
1.650754042E+01  2.191095734E+01
1.652686418E+01  3.564650536E+00
1.654618793E+01  6.249802589E+00
1.656551168E+01  1.493153286E+01
1.658483544E+01  2.772262001E+01
1.660415919E+01  4.442011261E+01
1.662348295E+01  5.511521149E+01
1.664280670E+01  7.143079376E+01
1.666213045E+01  1.046691360E+02
1.668145421E+01  1.489561920E+02
1.670077796E+01  1.873746490E+02
1.672010171E+01  2.312295837E+02
1.673942547E+01  2.834458313E+02
1.675874922E+01  3.341408997E+02
1.677807298E+01  3.687675781E+02
1.679739673E+01  3.854261780E+02
1.681672048E+01  4.155123291E+02
1.683604424E+01  4.162614136E+02
1.685536799E+01  4.286976318E+02
1.687469175E+01  4.106764526E+02
1.689401550E+01  3.946196594E+02
1.691333925E+01  3.339446106E+02
1.693266301E+01  2.473867798E+02
1.695198676E+01  1.672816315E+02
1.697131052E+01  1.112412109E+02
1.699063427E+01  8.148230743E+01
1.700995802E+01  6.609346008E+01
1.702928178E+01  4.756722641E+01
1.704860553E+01  3.159682846E+01
1.706792928E+01  2.230391121E+01
1.708725304E+01  1.546927738E+01
1.710657679E+01  1.528214359E+01
1.712590055E+01  1.284356880E+01
1.714522430E+01  8.280956268E+00
1.716454805E+01  7.707039833E+00
1.718387181E+01  1.045597267E+01
1.720319556E+01  1.855744934E+01
1.722251932E+01  1.809999084E+01
1.724184307E+01  1.354857445E+01
1.726116682E+01  8.157963753E+00
1.728049058E+01  7.544007301E+00
1.729981433E+01  7.212934494E+00
1.731913808E+01  1.809529305E+01
1.733846184E+01  -1.791384071E-01
1.735778559E+01  2.079238176E+00
1.737710935E+01  5.251934052E+00
1.739643310E+01  1.104298687E+01
1.741575685E+01  1.491744137E+01
1.743508061E+01  1.482303619E+01
1.745440436E+01  8.988298416E+00
1.747372812E+01  7.736026764E+00
1.749305187E+01  1.123720169E+01
1.751237562E+01  1.884106445E+01
1.753169938E+01  2.259660912E+01
1.755102313E+01  2.181459427E+01
1.757034689E+01  1.993571472E+01
1.758967064E+01  1.801595306E+01
1.760899439E+01  1.686891365E+01
1.762831815E+01  1.515373039E+01
1.764764190E+01  1.265483952E+01
1.766696565E+01  7.866707325E+00
1.768628941E+01  5.202086926E+00
1.770561316E+01  3.858470678E+00
1.772493692E+01  3.474347591E+00
1.774426067E+01  2.597466230E+00
1.776358442E+01  1.914573073E+00
1.778290818E+01  1.127442122E-01
1.780223193E+01  -1.195808649E+00
1.782155569E+01  -2.380229712E+00
1.784087944E+01  -3.654787064E+00
1.786020319E+01  -5.135267258E+00
1.787952695E+01  -6.129257679E+00
1.789885070E+01  -5.721349716E+00
1.791817445E+01  -4.638128281E+00
1.793749821E+01  -3.548708916E+00
1.795682196E+01  -4.605019093E+00
1.797614572E+01  -3.731838942E+00
1.799546947E+01  -2.521575212E+00
1.801479322E+01  2.369286567E-01
1.803411698E+01  2.238080025E+00
1.805344073E+01  2.337026358E+00
1.807276449E+01  4.822113991E+00
1.809208824E+01  7.578706741E+00
1.811141199E+01  1.181232548E+01
1.813073575E+01  1.489313316E+01
1.815005950E+01  1.851803589E+01
1.816938326E+01  2.216234589E+01
1.818870701E+01  2.640374947E+01
1.820803076E+01  3.105072212E+01
1.822735452E+01  3.652729034E+01
1.824667827E+01  4.059105301E+01
1.826600202E+01  4.547817993E+01
1.828532578E+01  5.093906784E+01
1.830464953E+01  5.938750076E+01
1.832397329E+01  6.722167969E+01
1.834329704E+01  7.423513031E+01
1.836262079E+01  7.989255524E+01
1.838194455E+01  8.754222107E+01
1.840126830E+01  9.475608826E+01
1.842059206E+01  1.019981918E+02
1.843991581E+01  1.072692490E+02
1.845923956E+01  1.124644775E+02
1.847856332E+01  1.189583740E+02
1.849788707E+01  1.277452850E+02
1.851721082E+01  1.372604980E+02
1.853653458E+01  1.437375946E+02
1.855585833E+01  1.506691742E+02
1.857518209E+01  1.569735870E+02
1.859450584E+01  1.641511841E+02
1.861382959E+01  1.721434479E+02
1.863315335E+01  1.796471405E+02
1.865247710E+01  1.857667389E+02
1.867180086E+01  1.909728241E+02
1.869112461E+01  1.974429321E+02
1.871044836E+01  2.029102325E+02
1.872977212E+01  2.080211029E+02
1.874909587E+01  2.118009949E+02
1.876841963E+01  2.169361572E+02
1.878774338E+01  2.192257690E+02
1.880706713E+01  2.243961334E+02
1.882639089E+01  2.272113037E+02
1.884571464E+01  2.302826538E+02
1.886503839E+01  2.302377167E+02
1.888436215E+01  2.323651123E+02
1.890368590E+01  2.341927643E+02
1.892300966E+01  2.355026855E+02
1.894233341E+01  2.366191406E+02
1.896165716E+01  2.382237701E+02
1.898098092E+01  2.398510132E+02
1.900030467E+01  2.407129517E+02
1.901962843E+01  2.415774078E+02
1.903895218E+01  2.428487701E+02
1.905827593E+01  2.443709869E+02
1.907759969E+01  2.429436340E+02
1.909692344E+01  2.415739288E+02
1.911624719E+01  2.380565338E+02
1.913557095E+01  2.354674377E+02
1.915489470E+01  2.308160706E+02
1.917421846E+01  2.258500061E+02
1.919354221E+01  2.186318512E+02
1.921286596E+01  2.114516144E+02
1.923218972E+01  2.044907379E+02
1.925151347E+01  1.960167542E+02
1.927083723E+01  1.866273193E+02
1.929016098E+01  1.800132751E+02
1.930948473E+01  1.702056427E+02
1.932880849E+01  1.598241882E+02
1.934813224E+01  1.474548798E+02
1.936745600E+01  1.389355011E+02
1.938677975E+01  1.299919434E+02
1.940610350E+01  1.221173172E+02
1.942542726E+01  1.134044952E+02
1.944475101E+01  1.047592545E+02
1.946407476E+01  9.594276428E+01
1.948339852E+01  8.797220612E+01
1.950272227E+01  7.986032104E+01
1.952204603E+01  7.307778931E+01
1.954136978E+01  6.762748718E+01
1.956069353E+01  6.184766769E+01
1.958001729E+01  5.440274811E+01
1.959934104E+01  4.804841614E+01
1.961866480E+01  4.377642441E+01
1.963798855E+01  3.864517212E+01
1.965731230E+01  3.444084167E+01
1.967663606E+01  3.038955688E+01
1.969595981E+01  2.748308563E+01
1.971528356E+01  2.366341209E+01
1.973460732E+01  2.192577553E+01
1.975393107E+01  2.115632057E+01
1.977325483E+01  1.897146606E+01
1.979257858E+01  1.713294601E+01
1.981190233E+01  1.568624306E+01
1.983122609E+01  1.324136639E+01
1.985054984E+01  1.120795536E+01
1.986987360E+01  9.155888557E+00
1.988919735E+01  7.155618668E+00
1.990852110E+01  6.076519012E+00
1.992784486E+01  6.083714962E+00
1.994716861E+01  5.722805977E+00
1.996649237E+01  3.564157009E+00
1.998581612E+01  2.454612494E+00
2.000513987E+01  2.399335146E+00
2.002446363E+01  3.308392763E+00
2.004378738E+01  1.312921762E+00
2.006311113E+01  1.469965219E+00
2.008243489E+01  1.189476371E+00
2.010175864E+01  1.758246064E+00
2.012108240E+01  3.648065627E-01
2.014040615E+01  -5.792787075E-01
2.015972990E+01  -1.114707589E+00
2.017905366E+01  -8.189118505E-01
2.019837741E+01  -2.581204414E+00
2.021770117E+01  -4.868893623E+00
2.023702492E+01  -6.323719501E+00
2.025634867E+01  -6.193253040E+00
2.027567243E+01  -5.808925152E+00
2.029499618E+01  -3.012785912E+00
2.031431993E+01  -2.476357698E+00
2.033364369E+01  -3.217970610E+00
2.035296744E+01  -4.385970116E+00
2.037229120E+01  -4.074393749E+00
2.039161495E+01  -2.217264414E+00
2.041093870E+01  1.003977470E-02
2.043026246E+01  1.393660307E+00
2.044958621E+01  4.229524434E-01
2.046890997E+01  -8.479472995E-01
2.048823372E+01  -1.629228830E+00
2.050755747E+01  -1.387112975E+00
2.052688123E+01  -1.118271947E+00
2.054620498E+01  4.094427526E-01
2.056552874E+01  2.057628155E+00
2.058485249E+01  1.476260066E+00
2.060417624E+01  1.949945837E-01
2.062350000E+01  2.717400789E+00
2.064282375E+01  7.466511250E+00
2.066214750E+01  7.482324600E+00
2.068147126E+01  7.208666325E+00
2.070079501E+01  7.380387306E+00
2.072011877E+01  7.687911987E+00
2.073944252E+01  7.215461254E+00
2.075876627E+01  8.396127701E+00
2.077809003E+01  9.745512009E+00
2.079741378E+01  1.006923580E+01
2.081673754E+01  1.097612190E+01
2.083606129E+01  1.215040588E+01
2.085538504E+01  1.254973030E+01
2.087470880E+01  1.275669861E+01
2.089403255E+01  1.423742294E+01
2.091335630E+01  1.609029388E+01
2.093268006E+01  1.729475784E+01
2.095200381E+01  1.759095573E+01
2.097132757E+01  1.929148293E+01
2.099065132E+01  1.933827591E+01
2.100997507E+01  1.893004608E+01
2.102929883E+01  1.781769753E+01
2.104862258E+01  1.813658714E+01
2.106794634E+01  1.873808098E+01
2.108727009E+01  1.896835327E+01
2.110659384E+01  1.790910912E+01
2.112591760E+01  1.916103745E+01
2.114524135E+01  2.288970184E+01
2.116456511E+01  2.063170052E+01
2.118388886E+01  1.813792419E+01
2.120321261E+01  1.754665375E+01
2.122253637E+01  1.804860687E+01
2.124186012E+01  1.682784653E+01
2.126118387E+01  1.678030014E+01
2.128050763E+01  1.695466995E+01
2.129983138E+01  1.691768074E+01
2.131915514E+01  1.449284172E+01
2.133847889E+01  1.230928707E+01
2.135780264E+01  1.046192551E+01
2.137712640E+01  1.125071144E+01
2.139645015E+01  1.145798397E+01
2.141577391E+01  9.102382660E+00
2.143509766E+01  6.424200535E+00
2.145442141E+01  4.377818584E+00
2.147374517E+01  2.672970772E+00
2.149306892E+01  2.961760283E+00
2.151239267E+01  2.763710260E+00
2.153171643E+01  2.225047827E+00
2.155104018E+01  2.182426453E+00
2.157036394E+01  2.761075735E+00
2.158968769E+01  1.153613329E+00
2.160901144E+01  -6.394724846E-01
2.162833520E+01  -2.165776253E+00
2.164765895E+01  -3.643041611E+00
2.166698271E+01  -2.322684050E+00
2.168630646E+01  2.277424186E-01
2.170563021E+01  2.641393900E+00
2.172495397E+01  3.914981127E+00
2.174427772E+01  3.170247793E+00
2.176360148E+01  5.051432610E+00
2.178292523E+01  6.946220398E+00
2.180224898E+01  7.763086796E+00
2.182157274E+01  5.261623859E+00
2.184089649E+01  4.414600372E+00
2.186022024E+01  4.942145348E+00
2.187954400E+01  7.535379410E+00
2.189886775E+01  9.385471344E+00
2.191819151E+01  1.002616501E+01
2.193751526E+01  9.291057587E+00
2.195683901E+01  9.090209961E+00
2.197616277E+01  1.002025509E+01
2.199548652E+01  9.787490845E+00
2.201481028E+01  1.060607624E+01
2.203413403E+01  1.115579128E+01
2.205345778E+01  1.406421661E+01
2.207278154E+01  1.567113400E+01
2.209210529E+01  1.643282127E+01
2.211142904E+01  1.686931992E+01
2.213075280E+01  1.824924469E+01
2.215007655E+01  2.013616753E+01
2.216940031E+01  2.332489777E+01
2.218872406E+01  2.552140999E+01
2.220804781E+01  2.857598877E+01
2.222737157E+01  3.178549004E+01
2.224669532E+01  3.412793732E+01
2.226601908E+01  3.644123840E+01
2.228534283E+01  3.822348022E+01
2.230466658E+01  4.145713425E+01
2.232399034E+01  4.614080429E+01
2.234331409E+01  4.926186371E+01
2.236263785E+01  5.411677551E+01
2.238196160E+01  5.746465683E+01
2.240128535E+01  6.096720505E+01
2.242060911E+01  6.467308044E+01
2.243993286E+01  6.717560577E+01
2.245925661E+01  6.821410370E+01
2.247858037E+01  7.057790375E+01
2.249790412E+01  7.295699310E+01
2.251722788E+01  7.558769226E+01
2.253655163E+01  7.569509125E+01
2.255587538E+01  7.538850403E+01
2.257519914E+01  7.578847504E+01
2.259452289E+01  7.485242462E+01
2.261384665E+01  7.372937775E+01
2.263317040E+01  7.234030914E+01
2.265249415E+01  7.098017883E+01
2.267181791E+01  6.863945007E+01
2.269114166E+01  6.675461578E+01
2.271046542E+01  6.521302795E+01
2.272978917E+01  6.138246918E+01
2.274911292E+01  5.823884583E+01
2.276843668E+01  5.638813019E+01
2.278776043E+01  5.280343246E+01
2.280708418E+01  5.067046356E+01
2.282640794E+01  4.970076752E+01
2.284573169E+01  5.092786026E+01
2.286505545E+01  4.835248184E+01
2.288437920E+01  4.578905869E+01
2.290370295E+01  4.330561066E+01
2.292302671E+01  4.298672485E+01
2.294235046E+01  4.201751709E+01
2.296167422E+01  4.080472565E+01
2.298099797E+01  3.943596649E+01
2.300032172E+01  3.686157990E+01
2.301964548E+01  3.337855148E+01
2.303896923E+01  3.097082710E+01
2.305829298E+01  3.446702957E+01
2.307761674E+01  3.746551895E+01
2.309694049E+01  3.933218765E+01
2.311626425E+01  3.877101898E+01
2.313558800E+01  4.091491318E+01
2.315491175E+01  4.260619736E+01
2.317423551E+01  4.564664459E+01
2.319355926E+01  4.825692368E+01
2.321288302E+01  5.116598129E+01
2.323220677E+01  5.215155411E+01
2.325153052E+01  5.244470978E+01
2.327085428E+01  5.347303391E+01
2.329017803E+01  5.651465988E+01
2.330950179E+01  5.840629196E+01
2.332882554E+01  6.041283035E+01
2.334814929E+01  6.124055862E+01
2.336747305E+01  6.267704773E+01
2.338679680E+01  6.405231476E+01
2.340612055E+01  6.675544739E+01
2.342544431E+01  6.979174042E+01
2.344476806E+01  7.074971008E+01
2.346409182E+01  7.158994293E+01
2.348341557E+01  7.337113953E+01
2.350273932E+01  7.682609558E+01
2.352206308E+01  7.860797119E+01
2.354138683E+01  7.995297241E+01
2.356071059E+01  8.172592163E+01
2.358003434E+01  8.356632233E+01
2.359935809E+01  8.302601624E+01
2.361868185E+01  8.255773926E+01
2.363800560E+01  8.263642120E+01
2.365732935E+01  8.596748352E+01
2.367665311E+01  9.062353516E+01
2.369597686E+01  9.434197235E+01
2.371530062E+01  9.749302673E+01
2.373462437E+01  9.868007660E+01
2.375394812E+01  1.020155411E+02
2.377327188E+01  1.070952606E+02
2.379259563E+01  1.092987671E+02
2.381191939E+01  1.118034515E+02
2.383124314E+01  1.191328964E+02
2.385056689E+01  1.345465698E+02
2.386989065E+01  1.521217804E+02
2.388921440E+01  1.636145935E+02
2.390853816E+01  1.725845184E+02
2.392786191E+01  1.725547485E+02
2.394718566E+01  1.685062103E+02
2.396650942E+01  1.629425812E+02
2.398583317E+01  1.518794708E+02
2.400515692E+01  1.395022278E+02
2.402448068E+01  1.200525894E+02
2.404380443E+01  1.009571075E+02
2.406312819E+01  7.778153229E+01
2.408245194E+01  6.092266464E+01
2.410177569E+01  4.731613922E+01
2.412109945E+01  2.719936371E+01
2.414042320E+01  1.381829643E+01
2.415974696E+01  -4.250279427E+00
2.417907071E+01  5.724482059E+00
2.419839446E+01  1.119828892E+01
2.421771822E+01  1.834536171E+01
2.423704197E+01  1.497543240E+01
2.425636572E+01  1.203446484E+01
2.427568948E+01  1.007560921E+01
2.429501323E+01  1.054435539E+01
2.431433699E+01  9.884243011E+00
2.433366074E+01  1.340331841E+01
2.435298449E+01  1.222359467E+01
2.437230825E+01  1.062553596E+01
2.439163200E+01  7.159867287E+00
2.441095576E+01  2.571407557E+00
2.443027951E+01  1.138421297E+00
2.444960326E+01  5.642199516E-01
2.446892702E+01  1.463489413E+00
2.448825077E+01  3.916976213E+00
2.450757453E+01  4.992239475E+00
2.452689828E+01  5.086178780E+00
2.454622203E+01  4.120835781E+00
2.456554579E+01  4.125179768E+00
2.458486954E+01  3.547852039E+00
2.460419329E+01  2.221031904E+00
2.462351705E+01  1.729335189E+00
2.464284080E+01  2.563864946E+00
2.466216456E+01  3.347067118E+00
2.468148831E+01  2.897914648E+00
2.470081206E+01  1.301027387E-01
2.472013582E+01  3.013171256E-01
2.473945957E+01  2.787892580E+00
2.475878333E+01  5.320409775E+00
2.477810708E+01  6.147516251E+00
2.479743083E+01  7.119422436E+00
2.481675459E+01  5.943762779E+00
2.483607834E+01  4.603323460E+00
2.485540209E+01  2.444423199E+00
2.487472585E+01  1.381259441E+00
2.489404960E+01  2.413719445E-01
2.491337336E+01  9.314155579E-01
2.493269711E+01  2.455229759E+00
2.495202086E+01  3.243431807E+00
2.497134462E+01  4.861915112E+00
2.499066837E+01  3.309459448E+00
2.500999213E+01  1.484044671E+00
2.502931588E+01  9.780181646E-01
2.504863963E+01  3.460667133E+00
2.506796339E+01  2.963134527E+00
2.508728714E+01  -2.311973274E-01
2.510661090E+01  -2.530062199E+00
2.512593465E+01  -3.172199488E+00
2.514525840E+01  -8.892159462E-01
2.516458216E+01  2.063899994E+00
2.518390591E+01  3.797940969E+00
2.520322966E+01  2.628595591E+00
2.522255342E+01  -3.398088217E-01
2.524187717E+01  -8.551732898E-01
2.526120093E+01  1.950881600E+00
2.528052468E+01  5.274443626E+00
2.529984843E+01  4.037990570E+00
2.531917219E+01  2.303969383E+00
2.533849594E+01  7.774789333E-01
2.535781970E+01  7.618393302E-01
2.537714345E+01  -1.249367118E+00
2.539646720E+01  1.918637753E-01
2.541579096E+01  1.655438542E+00
2.543511471E+01  1.166416407E+00
2.545443846E+01  1.185830534E-01
2.547376222E+01  1.796420336E+00
2.549308597E+01  4.026960373E+00
2.551240973E+01  4.931247234E+00
2.553173348E+01  5.235124111E+00
2.555105723E+01  4.392278671E+00
2.557038099E+01  3.852546930E+00
2.558970474E+01  3.701558828E+00
2.560902850E+01  4.371670246E+00
2.562835225E+01  3.250113010E+00
2.564767600E+01  1.059114814E+00
2.566699976E+01  4.056991041E-01
2.568632351E+01  2.769716024E+00
2.570564727E+01  1.564138532E+00
2.572497102E+01  2.070773095E-01
2.574429477E+01  1.906930923E+00
2.576361853E+01  7.073266983E+00
2.578294228E+01  8.582685471E+00
2.580226603E+01  8.806642532E+00
2.582158979E+01  1.109923935E+01
2.584091354E+01  1.340072823E+01
2.586023730E+01  1.573140526E+01
2.587956105E+01  1.418647671E+01
2.589888480E+01  1.210426331E+01
2.591820856E+01  1.074076080E+01
2.593753231E+01  1.420737457E+01
2.595685607E+01  1.926486206E+01
2.597617982E+01  2.353280258E+01
2.599550357E+01  2.533236313E+01
2.601482733E+01  2.762844276E+01
2.603415108E+01  2.859484100E+01
2.605347483E+01  3.020656204E+01
2.607279859E+01  3.190043831E+01
2.609212234E+01  3.330097198E+01
2.611144610E+01  3.677917099E+01
2.613076985E+01  4.039859390E+01
2.615009360E+01  4.323615265E+01
2.616941736E+01  4.847367096E+01
2.618874111E+01  5.751995087E+01
2.620806487E+01  6.257500076E+01
2.622738862E+01  6.059046173E+01
2.624671237E+01  5.887291718E+01
2.626603613E+01  5.730237961E+01
2.628535988E+01  5.818362427E+01
2.630468364E+01  5.417588806E+01
2.632400739E+01  4.722939301E+01
2.634333114E+01  4.221986771E+01
2.636265490E+01  3.903377914E+01
2.638197865E+01  3.718013763E+01
2.640130240E+01  3.431859970E+01
2.642062616E+01  3.068962669E+01
2.643994991E+01  2.927003288E+01
2.645927367E+01  2.845217323E+01
2.647859742E+01  2.629470062E+01
2.649792117E+01  2.536215210E+01
2.651724493E+01  2.558849525E+01
2.653656868E+01  2.887038994E+01
2.655589244E+01  2.875297928E+01
2.657521619E+01  2.675119019E+01
2.659453994E+01  2.620910263E+01
2.661386370E+01  3.061465836E+01
2.663318745E+01  3.261943054E+01
2.665251120E+01  3.241069794E+01
2.667183496E+01  3.022486496E+01
2.669115871E+01  3.084088135E+01
2.671048247E+01  3.218862534E+01
2.672980622E+01  3.080716324E+01
2.674912997E+01  3.211231232E+01
2.676845373E+01  3.235879517E+01
2.678777748E+01  3.014244652E+01
2.680710124E+01  2.727616310E+01
2.682642499E+01  2.970152473E+01
2.684574874E+01  3.281496811E+01
2.686507250E+01  3.529612732E+01
2.688439625E+01  3.690179825E+01
2.690372001E+01  4.146785355E+01
2.692304376E+01  4.347297668E+01
2.694236751E+01  4.504157257E+01
2.696169127E+01  4.250187302E+01
2.698101502E+01  4.282732010E+01
2.700033877E+01  4.525473785E+01
2.701966253E+01  4.857362747E+01
2.703898628E+01  4.896990967E+01
2.705831004E+01  5.024393463E+01
2.707763379E+01  5.588592148E+01
2.709695754E+01  6.089919662E+01
2.711628130E+01  6.469618988E+01
2.713560505E+01  6.582059479E+01
2.715492881E+01  6.596763611E+01
2.717425256E+01  6.749848175E+01
2.719357631E+01  6.949736023E+01
2.721290007E+01  7.208408356E+01
2.723222382E+01  7.421823883E+01
2.725154757E+01  7.857345581E+01
2.727087133E+01  8.156893921E+01
2.729019508E+01  8.209819031E+01
2.730951884E+01  8.502564240E+01
2.732884259E+01  8.772301483E+01
2.734816634E+01  8.885816193E+01
2.736749010E+01  8.858745575E+01
2.738681385E+01  8.570131683E+01
2.740613761E+01  8.553142548E+01
2.742546136E+01  8.553351593E+01
2.744478511E+01  8.686428070E+01
2.746410887E+01  8.480693817E+01
2.748343262E+01  8.365229034E+01
2.750275638E+01  8.321222687E+01
2.752208013E+01  8.076960754E+01
2.754140388E+01  7.757418823E+01
2.756072764E+01  7.889527893E+01
2.758005139E+01  7.856795502E+01
2.759937514E+01  7.599544525E+01
2.761869890E+01  7.328563690E+01
2.763802265E+01  7.501593018E+01
2.765734641E+01  7.365831757E+01
2.767667016E+01  6.945041656E+01
2.769599391E+01  6.747143555E+01
2.771531767E+01  6.803227234E+01
2.773464142E+01  7.057490540E+01
2.775396518E+01  7.268631744E+01
2.777328893E+01  7.237313080E+01
2.779261268E+01  7.265605927E+01
2.781193644E+01  7.147959137E+01
2.783126019E+01  7.136380768E+01
2.785058394E+01  7.419294739E+01
2.786990770E+01  8.308845520E+01
2.788923145E+01  9.008010101E+01
2.790855521E+01  8.948611450E+01
2.792787896E+01  9.105940247E+01
2.794720271E+01  9.631521606E+01
2.796652647E+01  1.107630539E+02
2.798585022E+01  1.295011749E+02
2.800517398E+01  1.623042297E+02
2.802449773E+01  2.111008759E+02
2.804382148E+01  2.627285767E+02
2.806314524E+01  3.113406982E+02
2.808246899E+01  3.367722168E+02
2.810179275E+01  3.681107788E+02
2.812111650E+01  3.963761292E+02
2.814044025E+01  4.090598450E+02
2.815976401E+01  4.013539429E+02
2.817908776E+01  3.886285400E+02
2.819841151E+01  3.616882019E+02
2.821773527E+01  3.221882324E+02
2.823705902E+01  2.798594971E+02
2.825638278E+01  2.375631866E+02
2.827570653E+01  1.881709442E+02
2.829503028E+01  1.342488708E+02
2.831435404E+01  1.039011383E+02
2.833367779E+01  8.736357880E+01
2.835300155E+01  7.111560822E+01
2.837232530E+01  4.316038513E+01
2.839164905E+01  3.498035812E+01
2.841097281E+01  3.178209877E+01
2.843029656E+01  2.567909813E+01
2.844962031E+01  2.065045738E+01
2.846894407E+01  1.631401062E+01
2.848826782E+01  1.615870476E+01
2.850759158E+01  3.163144684E+01
2.852691533E+01  4.001474380E+01
2.854623908E+01  3.466495132E+01
2.856556284E+01  2.975370407E+01
2.858488659E+01  3.073470116E+01
2.860421035E+01  3.200314713E+01
2.862353410E+01  2.554201698E+01
2.864285785E+01  1.405641079E+01
2.866218161E+01  1.051047802E+01
2.868150536E+01  9.832127571E+00
2.870082912E+01  1.347345543E+01
2.872015287E+01  1.274316120E+01
2.873947662E+01  1.128327370E+01
2.875880038E+01  1.030123997E+01
2.877812413E+01  1.527296543E+01
2.879744788E+01  1.908332253E+01
2.881677164E+01  1.818421745E+01
2.883609539E+01  1.561587524E+01
2.885541915E+01  1.790721512E+01
2.887474290E+01  1.488945770E+01
2.889406665E+01  1.420837021E+01
2.891339041E+01  1.359394169E+01
2.893271416E+01  1.318657875E+01
2.895203792E+01  9.979111671E+00
2.897136167E+01  2.813107729E+00
2.899068542E+01  -1.767280340E+00
2.901000918E+01  -7.792507410E-01
2.902933293E+01  7.295976639E+00
2.904865668E+01  1.026820564E+01
2.906798044E+01  7.359609127E+00
2.908730419E+01  1.726661444E+00
2.910662795E+01  5.179935455E+00
2.912595170E+01  9.516714096E+00
2.914527545E+01  1.207063580E+01
2.916459921E+01  9.192201614E+00
2.918392296E+01  1.536376715E+00
2.920324672E+01  -4.160625935E+00
2.922257047E+01  -4.123013020E+00
2.924189422E+01  -2.189602852E+00
2.926121798E+01  6.160243750E-01
2.928054173E+01  1.047258139E+00
2.929986549E+01  5.551208258E-01
2.931918924E+01  1.821828246E+00
2.933851299E+01  3.128278494E+00
2.935783675E+01  2.290155172E+00
2.937716050E+01  -8.902992010E-01
2.939648425E+01  -2.409364462E+00
2.941580801E+01  2.587244511E+00
2.943513176E+01  -4.042905271E-01
2.945445552E+01  -5.431630611E-01
2.947377927E+01  -2.180839777E+00
2.949310302E+01  2.651219368E-01
2.951242678E+01  -1.252752542E+00
2.953175053E+01  4.102907658E+00
2.955107429E+01  -1.848032594E+00
