4.159661698E+00  4.999670029E+00
4.178985452E+00  7.521117687E+00
4.198309206E+00  7.652196407E+00
4.217632960E+00  4.805827141E+00
4.236956714E+00  3.918556929E+00
4.256280467E+00  2.157956839E+00
4.275604221E+00  -9.048239887E-02
4.294927975E+00  -8.452289701E-01
4.314251729E+00  2.227566838E-01
4.333575483E+00  2.552006006E+00
4.352899237E+00  4.134064198E+00
4.372222991E+00  5.703379631E+00
4.391546744E+00  2.037992239E+00
4.410870498E+00  7.379266620E-01
4.430194252E+00  -1.027805209E+00
4.449518006E+00  -3.611770868E-01
4.468841760E+00  2.263695240E+00
4.488165514E+00  3.834248066E+00
4.507489268E+00  5.315302849E+00
4.526813022E+00  5.234253883E+00
4.546136775E+00  9.832556725E+00
4.565460529E+00  1.897419739E+01
4.584784283E+00  3.551934433E+01
4.604108037E+00  5.626245880E+01
4.623431791E+00  7.379288483E+01
4.642755545E+00  7.981124115E+01
4.662079299E+00  7.135004425E+01
4.681403053E+00  5.421469498E+01
4.700726806E+00  3.644401169E+01
4.720050560E+00  2.137915039E+01
4.739374314E+00  1.369861889E+01
4.758698068E+00  8.904875755E+00
4.778021822E+00  6.141643524E+00
4.797345576E+00  4.600695610E+00
4.816669330E+00  5.666284561E+00
4.835993084E+00  1.022349453E+01
4.855316837E+00  1.679407501E+01
4.874640591E+00  2.584304237E+01
4.893964345E+00  3.942206573E+01
4.913288099E+00  5.089916992E+01
4.932611853E+00  5.803430939E+01
4.951935607E+00  5.825259399E+01
4.971259361E+00  5.317653656E+01
4.990583115E+00  4.276124191E+01
5.009906868E+00  2.884881973E+01
5.029230622E+00  1.815195847E+01
5.048554376E+00  7.828086376E+00
5.067878130E+00  2.710053921E+00
5.087201884E+00  -1.781271219E+00
5.106525638E+00  -1.617939115E+00
5.125849392E+00  -1.107969165E+00
5.145173145E+00  2.473308146E-01
5.164496899E+00  2.537929296E+00
5.183820653E+00  2.250916481E+00
5.203144407E+00  1.640349507E+00
5.222468161E+00  1.192348242E+00
5.241791915E+00  3.214730740E+00
5.261115669E+00  6.751870632E+00
5.280439423E+00  7.334292412E+00
5.299763176E+00  8.640147209E+00
5.319086930E+00  8.525843620E+00
5.338410684E+00  1.282767582E+01
5.357734438E+00  1.565760040E+01
5.377058192E+00  2.138724136E+01
5.396381946E+00  2.568414116E+01
5.415705700E+00  3.119179153E+01
5.435029454E+00  3.775165558E+01
5.454353207E+00  4.259197998E+01
5.473676961E+00  4.802341080E+01
5.493000715E+00  5.060921478E+01
5.512324469E+00  5.469414139E+01
5.531648223E+00  5.949914551E+01
5.550971977E+00  6.249765396E+01
5.570295731E+00  6.419409180E+01
5.589619485E+00  6.187216949E+01
5.608943238E+00  6.062879944E+01
5.628266992E+00  5.567431641E+01
5.647590746E+00  5.037030411E+01
5.666914500E+00  4.776588821E+01
5.686238254E+00  4.727054214E+01
5.705562008E+00  4.639790344E+01
5.724885762E+00  4.292758560E+01
5.744209516E+00  3.988970566E+01
5.763533269E+00  3.719155884E+01
5.782857023E+00  3.465584183E+01
5.802180777E+00  3.039660645E+01
5.821504531E+00  2.501252747E+01
5.840828285E+00  2.170968056E+01
5.860152039E+00  1.992013741E+01
5.879475793E+00  2.017668343E+01
5.898799546E+00  1.999242783E+01
5.918123300E+00  1.904852486E+01
5.937447054E+00  2.433869362E+01
5.956770808E+00  2.484742546E+01
5.976094562E+00  2.759881592E+01
5.995418316E+00  2.679841995E+01
6.014742070E+00  2.665161896E+01
6.034065824E+00  2.480797768E+01
6.053389577E+00  2.593622589E+01
6.072713331E+00  2.281485367E+01
6.092037085E+00  2.039220810E+01
6.111360839E+00  1.997574234E+01
6.130684593E+00  2.296739578E+01
6.150008347E+00  2.514806747E+01
6.169332101E+00  3.060221100E+01
6.188655855E+00  3.515464401E+01
6.207979608E+00  3.576927567E+01
6.227303362E+00  3.485260773E+01
6.246627116E+00  3.601548004E+01
6.265950870E+00  3.821595383E+01
6.285274624E+00  3.760892487E+01
6.304598378E+00  3.721365356E+01
6.323922132E+00  3.724068451E+01
6.343245886E+00  4.233771896E+01
6.362569639E+00  4.386991119E+01
6.381893393E+00  4.335884094E+01
6.401217147E+00  3.919298553E+01
6.420540901E+00  3.379396439E+01
6.439864655E+00  3.058800125E+01
6.459188409E+00  2.464311790E+01
6.478512163E+00  1.716449356E+01
6.497835917E+00  1.031453228E+01
6.517159670E+00  5.720412254E+00
6.536483424E+00  4.613242626E+00
6.555807178E+00  3.383955002E+00
6.575130932E+00  3.757688105E-01
6.594454686E+00  -1.755962253E+00
6.613778440E+00  -1.861149549E+00
6.633102194E+00  -2.581120729E+00
6.652425947E+00  -1.641851068E+00
6.671749701E+00  -2.028784990E+00
6.691073455E+00  -2.527137280E+00
6.710397209E+00  -2.968491554E+00
6.729720963E+00  -2.988872051E+00
6.749044717E+00  -1.104929209E+00
6.768368471E+00  -1.401941180E+00
6.787692225E+00  -2.218882084E+00
6.807015978E+00  -2.596673489E+00
6.826339732E+00  -3.355583191E+00
6.845663486E+00  -1.755386353E+00
6.864987240E+00  -1.846686244E+00
6.884310994E+00  -1.913733035E-01
6.903634748E+00  1.490159631E+00
6.922958502E+00  1.445730448E+00
6.942282256E+00  1.855484724E+00
6.961606009E+00  1.777704239E+00
6.980929763E+00  2.756970882E+00
7.000253517E+00  4.189899921E+00
7.019577271E+00  4.144243240E+00
7.038901025E+00  3.364031553E+00
7.058224779E+00  2.234430552E+00
7.077548533E+00  1.906024218E+00
7.096872287E+00  2.152496099E+00
7.116196040E+00  2.101113558E+00
7.135519794E+00  4.583085537E+00
7.154843548E+00  5.233674526E+00
7.174167302E+00  5.836695671E+00
7.193491056E+00  4.827458382E+00
7.212814810E+00  4.980037689E+00
7.232138564E+00  4.230771065E+00
7.251462318E+00  3.715625286E+00
7.270786071E+00  6.845093966E-01
7.290109825E+00  4.995767772E-01
7.309433579E+00  1.060767293E+00
7.328757333E+00  3.054591656E+00
7.348081087E+00  3.173129082E+00
7.367404841E+00  6.257454753E-01
7.386728595E+00  -2.344401777E-01
7.406052349E+00  -2.096107244E+00
7.425376102E+00  -1.470010400E+00
7.444699856E+00  -1.345480561E+00
7.464023610E+00  -1.226565480E+00
7.483347364E+00  -2.980428696E+00
7.502671118E+00  -4.074908733E+00
7.521994872E+00  -3.958904743E+00
7.541318626E+00  -1.379283071E+00
7.560642379E+00  -1.604283214E+00
7.579966133E+00  -6.530256271E-01
7.599289887E+00  -8.350796700E-01
7.618613641E+00  1.100103855E+00
7.637937395E+00  2.844033480E+00
7.657261149E+00  6.660506248E+00
7.676584903E+00  9.462248802E+00
7.695908657E+00  1.128111076E+01
7.715232410E+00  1.165720940E+01
7.734556164E+00  1.250756264E+01
7.753879918E+00  1.380111599E+01
7.773203672E+00  1.491249180E+01
7.792527426E+00  1.308754158E+01
7.811851180E+00  1.006296539E+01
7.831174934E+00  8.995246887E+00
7.850498688E+00  1.190302849E+01
7.869822441E+00  2.022691154E+01
7.889146195E+00  3.335923004E+01
7.908469949E+00  5.252026367E+01
7.927793703E+00  7.765154266E+01
7.947117457E+00  1.117603226E+02
7.966441211E+00  1.470294342E+02
7.985764965E+00  1.812719116E+02
8.005088719E+00  2.023405762E+02
8.024412472E+00  2.128190765E+02
8.043736226E+00  2.049116669E+02
8.063059980E+00  1.841644440E+02
8.082383734E+00  1.579063416E+02
8.101707488E+00  1.333547211E+02
8.121031242E+00  1.139018707E+02
8.140354996E+00  9.936151886E+01
8.159678750E+00  8.937980652E+01
8.179002503E+00  7.930460358E+01
8.198326257E+00  6.943852997E+01
8.217650011E+00  6.022519302E+01
8.236973765E+00  5.347017670E+01
8.256297519E+00  4.729784012E+01
8.275621273E+00  4.235177231E+01
8.294945027E+00  3.795447159E+01
8.314268780E+00  3.394379425E+01
8.333592534E+00  2.788708115E+01
8.352916288E+00  2.123034286E+01
8.372240042E+00  1.513445950E+01
8.391563796E+00  9.846527100E+00
8.410887550E+00  4.021903992E+00
8.430211304E+00  3.836448193E-01
8.449535058E+00  6.479732692E-02
8.468858811E+00  1.292744279E+00
8.488182565E+00  3.181938648E+00
8.507506319E+00  1.258327842E+00
8.526830073E+00  6.602920294E-01
8.546153827E+00  -8.396202326E-01
8.565477581E+00  -4.659871012E-02
8.584801335E+00  9.161994457E-01
8.604125089E+00  3.096179485E+00
8.623448842E+00  6.703742504E+00
8.642772596E+00  1.133030605E+01
8.662096350E+00  1.613018608E+01
8.681420104E+00  2.370731544E+01
8.700743858E+00  3.470117950E+01
8.720067612E+00  5.121112823E+01
8.739391366E+00  7.842258453E+01
8.758715120E+00  1.213690033E+02
8.778038873E+00  1.964936523E+02
8.797362627E+00  3.147274170E+02
8.816686381E+00  4.805929260E+02
8.836010135E+00  6.855329590E+02
8.855333889E+00  8.660590820E+02
8.874657643E+00  9.850241089E+02
8.893981397E+00  9.814075317E+02
8.913305151E+00  8.633723755E+02
8.932628904E+00  6.880125732E+02
8.951952658E+00  5.061082153E+02
8.971276412E+00  3.538284302E+02
8.990600166E+00  2.407971954E+02
9.009923920E+00  1.616406555E+02
9.029247674E+00  1.118850250E+02
9.048571428E+00  7.808553314E+01
9.067895181E+00  5.032634735E+01
9.087218935E+00  2.681629944E+01
9.106542689E+00  1.517450237E+01
9.125866443E+00  1.699332809E+01
9.145190197E+00  2.265455627E+01
9.164513951E+00  2.621876907E+01
9.183837705E+00  3.062919044E+01
9.203161459E+00  4.035084534E+01
9.222485212E+00  5.473699951E+01
9.241808966E+00  6.850961304E+01
9.261132720E+00  8.036849213E+01
9.280456474E+00  8.527077484E+01
9.299780228E+00  8.374593353E+01
9.319103982E+00  7.674457550E+01
9.338427736E+00  6.819491577E+01
9.357751490E+00  5.936280441E+01
9.377075243E+00  4.727049637E+01
9.396398997E+00  3.658625793E+01
9.415722751E+00  2.689075279E+01
9.435046505E+00  2.220779228E+01
9.454370259E+00  2.131440926E+01
9.473694013E+00  2.454188728E+01
9.493017767E+00  2.945131111E+01
9.512341521E+00  3.709162140E+01
9.531665274E+00  4.490613556E+01
9.550989028E+00  5.365930557E+01
9.570312782E+00  6.205123138E+01
9.589636536E+00  6.774527740E+01
9.608960290E+00  7.202455902E+01
9.628284044E+00  7.177586365E+01
9.647607798E+00  6.685927582E+01
9.666931552E+00  5.816340637E+01
9.686255305E+00  4.842029190E+01
9.705579059E+00  3.931362152E+01
9.724902813E+00  3.085054779E+01
9.744226567E+00  2.578017616E+01
9.763550321E+00  2.192047691E+01
9.782874075E+00  1.945762444E+01
9.802197829E+00  1.754171562E+01
9.821521582E+00  1.731828499E+01
9.840845336E+00  1.914291191E+01
9.860169090E+00  2.244355392E+01
9.879492844E+00  2.679232407E+01
9.898816598E+00  2.857617950E+01
9.918140352E+00  3.003036690E+01
9.937464106E+00  2.867862892E+01
9.956787860E+00  2.423751259E+01
9.976111613E+00  1.750456619E+01
9.995435367E+00  1.185273647E+01
1.001475912E+01  7.938136101E+00
1.003408288E+01  4.217884064E+00
1.005340663E+01  -9.712800384E-01
1.007273038E+01  -3.329733133E+00
1.009205414E+01  -6.480462074E+00
1.011137789E+01  -6.585026264E+00
1.013070164E+01  -7.398726940E+00
1.015002540E+01  -6.349710464E+00
1.016934915E+01  -8.151268005E+00
1.018867291E+01  -9.091143608E+00
1.020799666E+01  -9.032024384E+00
1.022732041E+01  -7.458170891E+00
1.024664417E+01  -6.311604500E+00
1.026596792E+01  -5.589034081E+00
1.028529168E+01  -4.109929085E+00
1.030461543E+01  -2.567060709E+00
1.032393918E+01  -2.245103866E-01
1.034326294E+01  3.039599895E+00
1.036258669E+01  6.693057537E+00
1.038191044E+01  1.416966820E+01
1.040123420E+01  2.506015968E+01
1.042055795E+01  3.981115341E+01
1.043988171E+01  5.461234283E+01
1.045920546E+01  6.866261292E+01
1.047852921E+01  8.257041168E+01
1.049785297E+01  9.692281342E+01
1.051717672E+01  1.150311356E+02
1.053650048E+01  1.376713715E+02
1.055582423E+01  1.581787109E+02
1.057514798E+01  1.728295288E+02
1.059447174E+01  1.830130768E+02
1.061379549E+01  1.923283234E+02
1.063311925E+01  2.000195770E+02
1.065244300E+01  2.073056946E+02
1.067176675E+01  2.139421997E+02
1.069109051E+01  2.188212891E+02
1.071041426E+01  2.224320526E+02
1.072973801E+01  2.276309357E+02
1.074906177E+01  2.332606964E+02
1.076838552E+01  2.380233459E+02
1.078770928E+01  2.436147461E+02
1.080703303E+01  2.484798889E+02
1.082635678E+01  2.529110870E+02
1.084568054E+01  2.538133240E+02
1.086500429E+01  2.489925690E+02
1.088432805E+01  2.408777161E+02
1.090365180E+01  2.276169739E+02
1.092297555E+01  2.121328278E+02
1.094229931E+01  1.954344940E+02
1.096162306E+01  1.792932587E+02
1.098094681E+01  1.645419769E+02
1.100027057E+01  1.480497284E+02
1.101959432E+01  1.327039490E+02
1.103891808E+01  1.166602097E+02
1.105824183E+01  1.013900757E+02
1.107756558E+01  8.703433990E+01
1.109688934E+01  7.986595917E+01
1.111621309E+01  7.637301636E+01
1.113553685E+01  7.494552612E+01
1.115486060E+01  7.494036102E+01
1.117418435E+01  7.698961639E+01
1.119350811E+01  8.314684296E+01
1.121283186E+01  9.361507416E+01
1.123215562E+01  1.075464096E+02
1.125147937E+01  1.229277496E+02
1.127080312E+01  1.412785492E+02
1.129012688E+01  1.631842957E+02
1.130945063E+01  1.916500244E+02
1.132877438E+01  2.262453003E+02
1.134809814E+01  2.683992310E+02
1.136742189E+01  3.198620605E+02
1.138674565E+01  3.803436584E+02
1.140606940E+01  4.517847900E+02
1.142539315E+01  5.355123291E+02
1.144471691E+01  6.250783691E+02
1.146404066E+01  7.155638428E+02
1.148336442E+01  7.951381226E+02
1.150268817E+01  8.540541992E+02
1.152201192E+01  8.823587646E+02
1.154133568E+01  8.760561523E+02
1.156065943E+01  8.344318237E+02
1.157998318E+01  7.712399902E+02
1.159930694E+01  6.915933838E+02
1.161863069E+01  6.054277954E+02
1.163795445E+01  5.167044678E+02
1.165727820E+01  4.336057434E+02
1.167660195E+01  3.612305298E+02
1.169592571E+01  3.014520874E+02
1.171524946E+01  2.482845306E+02
1.173457322E+01  2.042700806E+02
1.175389697E+01  1.640201416E+02
1.177322072E+01  1.297938538E+02
1.179254448E+01  9.923298645E+01
1.181186823E+01  7.787074280E+01
1.183119199E+01  5.740617371E+01
1.185051574E+01  4.228960800E+01
1.186983949E+01  3.154495430E+01
1.188916325E+01  2.363393784E+01
1.190848700E+01  1.688238144E+01
1.192781075E+01  1.277439785E+01
1.194713451E+01  1.063012218E+01
1.196645826E+01  1.136962986E+01
1.198578202E+01  1.295361328E+01
1.200510577E+01  1.349909782E+01
1.202442952E+01  1.351138496E+01
1.204375328E+01  1.387085629E+01
1.206307703E+01  1.358249474E+01
1.208240079E+01  1.311425400E+01
1.210172454E+01  1.319173813E+01
1.212104829E+01  1.281382370E+01
1.214037205E+01  1.379782104E+01
1.215969580E+01  1.488323498E+01
1.217901955E+01  1.789752960E+01
1.219834331E+01  2.303151321E+01
1.221766706E+01  2.839061356E+01
1.223699082E+01  3.520457840E+01
1.225631457E+01  4.468416977E+01
1.227563832E+01  5.269644928E+01
1.229496208E+01  6.360168839E+01
1.231428583E+01  7.378046417E+01
1.233360959E+01  8.574205017E+01
1.235293334E+01  9.664492035E+01
1.237225709E+01  1.110731125E+02
1.239158085E+01  1.231626968E+02
1.241090460E+01  1.348329620E+02
1.243022836E+01  1.439052887E+02
1.244955211E+01  1.495763550E+02
1.246887586E+01  1.505554810E+02
1.248819962E+01  1.501338348E+02
1.250752337E+01  1.441181488E+02
1.252684712E+01  1.355629883E+02
1.254617088E+01  1.258773727E+02
1.256549463E+01  1.160714111E+02
1.258481839E+01  1.056927643E+02
1.260414214E+01  9.612158966E+01
1.262346589E+01  8.704857635E+01
1.264278965E+01  7.947371674E+01
1.266211340E+01  7.223142242E+01
1.268143716E+01  6.295345306E+01
1.270076091E+01  5.542288971E+01
1.272008466E+01  4.682219696E+01
1.273940842E+01  3.865629959E+01
1.275873217E+01  3.260123444E+01
1.277805592E+01  2.818259430E+01
1.279737968E+01  2.433194542E+01
1.281670343E+01  2.135531235E+01
1.283602719E+01  2.016512871E+01
1.285535094E+01  2.024506760E+01
1.287467469E+01  1.851137733E+01
1.289399845E+01  1.908973122E+01
1.291332220E+01  2.197978783E+01
1.293264596E+01  2.895947647E+01
1.295196971E+01  3.841313553E+01
1.297129346E+01  5.146676254E+01
1.299061722E+01  6.827120972E+01
1.300994097E+01  9.174268341E+01
1.302926473E+01  1.247338638E+02
1.304858848E+01  1.683210449E+02
1.306791223E+01  2.255924225E+02
1.308723599E+01  2.897279968E+02
1.310655974E+01  3.535512695E+02
1.312588349E+01  4.132341003E+02
1.314520725E+01  4.585850830E+02
1.316453100E+01  4.903475037E+02
1.318385476E+01  5.058314209E+02
1.320317851E+01  5.064617615E+02
1.322250226E+01  5.048719482E+02
1.324182602E+01  5.003763428E+02
1.326114977E+01  4.974088745E+02
1.328047353E+01  4.902193909E+02
1.329979728E+01  4.786835327E+02
1.331912103E+01  4.636721802E+02
1.333844479E+01  4.413490295E+02
1.335776854E+01  4.158418274E+02
1.337709229E+01  3.857864380E+02
1.339641605E+01  3.550337830E+02
1.341573980E+01  3.217702332E+02
1.343506356E+01  2.879805298E+02
1.345438731E+01  2.547059937E+02
1.347371106E+01  2.232685699E+02
1.349303482E+01  1.932743225E+02
1.351235857E+01  1.658652496E+02
1.353168233E+01  1.391232758E+02
1.355100608E+01  1.181413651E+02
1.357032983E+01  1.020720062E+02
1.358965359E+01  8.693298340E+01
1.360897734E+01  7.057410431E+01
1.362830110E+01  5.762888336E+01
1.364762485E+01  5.095984650E+01
1.366694860E+01  4.740902710E+01
1.368627236E+01  4.349156952E+01
1.370559611E+01  4.266842651E+01
1.372491986E+01  4.473722458E+01
1.374424362E+01  4.981640625E+01
1.376356737E+01  5.631079483E+01
1.378289113E+01  6.715378571E+01
1.380221488E+01  8.253464508E+01
1.382153863E+01  1.039145889E+02
1.384086239E+01  1.340463715E+02
1.386018614E+01  1.720343018E+02
1.387950990E+01  2.109243011E+02
1.389883365E+01  2.424796143E+02
1.391815740E+01  2.789309998E+02
1.393748116E+01  3.156263733E+02
1.395680491E+01  3.688572998E+02
1.397612866E+01  3.999594116E+02
1.399545242E+01  4.001170959E+02
1.401477617E+01  3.646322632E+02
1.403409993E+01  3.059497375E+02
1.405342368E+01  2.589730225E+02
1.407274743E+01  2.731709900E+02
1.409207119E+01  3.217322693E+02
1.411139494E+01  5.349389038E+02
1.413071870E+01  6.224333496E+02
1.415004245E+01  7.391299438E+02
1.416936620E+01  8.386218872E+02
1.418868996E+01  9.011294556E+02
1.420801371E+01  8.578390503E+02
1.422733747E+01  7.407219849E+02
1.424666122E+01  5.684319458E+02
1.426598497E+01  4.023864136E+02
1.428530873E+01  3.039841614E+02
1.430463248E+01  2.253618317E+02
1.432395623E+01  1.615381470E+02
1.434327999E+01  1.218005753E+02
1.436260374E+01  5.454348373E+01
1.438192750E+01  1.477544117E+01
1.440125125E+01  2.529159546E+01
1.442057500E+01  3.546712494E+01
1.443989876E+01  3.954434586E+01
1.445922251E+01  3.870669556E+01
1.447854627E+01  3.687413406E+01
1.449787002E+01  3.798587036E+01
1.451719377E+01  3.618882370E+01
1.453651753E+01  2.846996498E+01
1.455584128E+01  1.297857857E+01
1.457516503E+01  5.436659813E+00
1.459448879E+01  1.778571010E+00
1.461381254E+01  -6.470564604E-01
1.463313630E+01  -2.143479347E+00
1.465246005E+01  -1.437570333E+00
1.467178380E+01  -9.124808311E-01
1.469110756E+01  -1.878146291E+00
1.471043131E+01  -3.697016239E+00
1.472975507E+01  -2.956902266E+00
1.474907882E+01  -1.042752862E+00
1.476840257E+01  1.745918512E+00
1.478772633E+01  5.244108677E+00
1.480705008E+01  7.616153240E+00
1.482637384E+01  8.021500587E+00
1.484569759E+01  3.742401361E+00
1.486502134E+01  -2.368333340E+00
1.488434510E+01  -5.238891125E+00
1.490366885E+01  -4.934940636E-01
1.492299260E+01  7.963622570E+00
1.494231636E+01  1.348532200E+01
1.496164011E+01  1.435271263E+01
1.498096387E+01  1.331860924E+01
1.500028762E+01  1.540294838E+01
1.501961137E+01  1.667989922E+01
1.503893513E+01  1.770536041E+01
1.505825888E+01  2.012609291E+01
1.507758264E+01  2.581253433E+01
1.509690639E+01  3.271086121E+01
1.511623014E+01  3.803658295E+01
1.513555390E+01  4.112319565E+01
1.515487765E+01  4.483671951E+01
1.517420140E+01  4.920681381E+01
1.519352516E+01  5.618386459E+01
1.521284891E+01  6.327618408E+01
1.523217267E+01  6.922311401E+01
1.525149642E+01  7.422769165E+01
1.527082017E+01  7.776233673E+01
1.529014393E+01  7.970601654E+01
1.530946768E+01  7.752764893E+01
1.532879144E+01  7.180120850E+01
1.534811519E+01  6.368620300E+01
1.536743894E+01  5.381268311E+01
1.538676270E+01  4.689063263E+01
1.540608645E+01  3.936034012E+01
1.542541021E+01  3.255232620E+01
1.544473396E+01  2.537899590E+01
1.546405771E+01  1.882460976E+01
1.548338147E+01  1.323827744E+01
1.550270522E+01  9.703813553E+00
1.552202897E+01  7.508493423E+00
1.554135273E+01  3.579819918E+00
1.556067648E+01  9.489601851E-02
1.558000024E+01  -2.466352701E+00
1.559932399E+01  -2.770154953E+00
1.561864774E+01  -3.239979267E+00
1.563797150E+01  -3.584611893E+00
1.565729525E+01  -3.798159838E+00
1.567661901E+01  -5.026751518E+00
1.569594276E+01  -4.450376034E+00
1.571526651E+01  -6.617847919E+00
1.573459027E+01  -6.812531471E+00
1.575391402E+01  -7.600684643E+00
1.577323778E+01  -8.215252876E+00
1.579256153E+01  -5.549766541E+00
1.581188528E+01  -5.207908630E+00
1.583120904E+01  -2.871437788E+00
1.585053279E+01  -8.563438058E-01
1.586985654E+01  2.297302961E+00
1.588918030E+01  4.091216087E+00
1.590850405E+01  6.441936016E+00
1.592782781E+01  1.007144928E+01
1.594715156E+01  1.556406784E+01
1.596647531E+01  2.051974678E+01
1.598579907E+01  2.832995605E+01
1.600512282E+01  3.501019287E+01
1.602444658E+01  3.824124527E+01
1.604377033E+01  3.798098373E+01
1.606309408E+01  4.162088394E+01
1.608241784E+01  4.577723694E+01
1.610174159E+01  5.368840027E+01
1.612106534E+01  6.186248016E+01
1.614038910E+01  7.350578308E+01
1.615971285E+01  7.333338928E+01
1.617903661E+01  6.761940002E+01
1.619836036E+01  6.743989563E+01
1.621768411E+01  7.996536255E+01
1.623700787E+01  9.531791687E+01
1.625633162E+01  1.089233246E+02
1.627565538E+01  9.651781464E+01
1.629497913E+01  1.307850952E+02
1.631430288E+01  1.619636841E+02
1.633362664E+01  2.041509857E+02
1.635295039E+01  2.560243225E+02
1.637227415E+01  2.855310059E+02
1.639159790E+01  3.356592712E+02
1.641092165E+01  3.303132629E+02
1.643024541E+01  2.659019775E+02
1.644956916E+01  2.517766113E+02
1.646889291E+01  2.043237457E+02
1.648821667E+01  1.745216370E+02
1.650754042E+01  1.395542450E+02
1.652686418E+01  1.112150574E+02
1.654618793E+01  1.010850830E+02
1.656551168E+01  8.351962280E+01
1.658483544E+01  6.598277283E+01
1.660415919E+01  5.148052597E+01
1.662348295E+01  5.254465485E+01
1.664280670E+01  6.951299286E+01
1.666213045E+01  6.781237793E+01
1.668145421E+01  6.217474365E+01
1.670077796E+01  5.458778381E+01
1.672010171E+01  5.268509674E+01
1.673942547E+01  1.650278854E+01
1.675874922E+01  1.980588150E+01
1.677807298E+01  3.201458740E+01
1.679739673E+01  4.357736206E+01
1.681672048E+01  5.472530365E+01
1.683604424E+01  7.010032654E+01
1.685536799E+01  9.137186432E+01
1.687469175E+01  1.183823853E+02
1.689401550E+01  1.491864624E+02
1.691333925E+01  1.841069183E+02
1.693266301E+01  2.256713867E+02
1.695198676E+01  2.704374390E+02
1.697131052E+01  3.150385742E+02
1.699063427E+01  3.559918213E+02
1.700995802E+01  3.937208557E+02
1.702928178E+01  4.227509460E+02
1.704860553E+01  4.398324585E+02
1.706792928E+01  4.441764221E+02
1.708725304E+01  4.386608276E+02
1.710657679E+01  4.259696045E+02
1.712590055E+01  4.040503845E+02
1.714522430E+01  3.739609070E+02
1.716454805E+01  3.428367615E+02
1.718387181E+01  3.119093628E+02
1.720319556E+01  2.770497742E+02
1.722251932E+01  2.421031647E+02
1.724184307E+01  2.106799622E+02
1.726116682E+01  1.820073242E+02
1.728049058E+01  1.542609100E+02
1.729981433E+01  1.294509888E+02
1.731913808E+01  1.076464310E+02
1.733846184E+01  8.791694641E+01
1.735778559E+01  7.172513580E+01
1.737710935E+01  5.541137695E+01
1.739643310E+01  4.206002426E+01
1.741575685E+01  2.911271477E+01
1.743508061E+01  1.732074547E+01
1.745440436E+01  2.401092529E+00
1.747372812E+01  -8.472860336E+00
1.749305187E+01  -9.530942917E+00
1.751237562E+01  -5.354436398E+00
1.753169938E+01  -1.786467671E+00
1.755102313E+01  -4.414433479E+00
1.757034689E+01  -8.640796661E+00
1.758967064E+01  -1.077414894E+01
1.760899439E+01  -6.435215950E+00
1.762831815E+01  -1.467745066E+00
1.764764190E+01  4.458224773E+00
1.766696565E+01  1.248308086E+01
1.768628941E+01  2.461549759E+01
1.770561316E+01  4.157862854E+01
1.772493692E+01  6.206743622E+01
1.774426067E+01  8.379187775E+01
1.776358442E+01  1.049803696E+02
1.778290818E+01  1.237906189E+02
1.780223193E+01  1.378030701E+02
1.782155569E+01  1.421861725E+02
1.784087944E+01  1.402339478E+02
1.786020319E+01  1.331089783E+02
1.787952695E+01  1.251201477E+02
1.789885070E+01  1.136904755E+02
1.791817445E+01  1.032911606E+02
1.793749821E+01  9.531781769E+01
1.795682196E+01  8.978185272E+01
1.797614572E+01  8.757782745E+01
1.799546947E+01  8.894533539E+01
1.801479322E+01  9.309913635E+01
1.803411698E+01  9.972745514E+01
1.805344073E+01  1.075446854E+02
1.807276449E+01  1.202564697E+02
1.809208824E+01  1.392860565E+02
1.811141199E+01  1.620142212E+02
1.813073575E+01  1.832968597E+02
1.815005950E+01  2.042526398E+02
1.816938326E+01  2.255140991E+02
1.818870701E+01  2.447108917E+02
1.820803076E+01  2.634340820E+02
1.822735452E+01  2.774390564E+02
1.824667827E+01  2.855170593E+02
1.826600202E+01  2.871362915E+02
1.828532578E+01  2.832005615E+02
1.830464953E+01  2.757390442E+02
1.832397329E+01  2.630899658E+02
1.834329704E+01  2.458972168E+02
1.836262079E+01  2.279737854E+02
1.838194455E+01  2.105559387E+02
1.840126830E+01  1.952072906E+02
1.842059206E+01  1.820968323E+02
1.843991581E+01  1.716539764E+02
1.845923956E+01  1.615592499E+02
1.847856332E+01  1.516762238E+02
1.849788707E+01  1.458705444E+02
1.851721082E+01  1.439897003E+02
1.853653458E+01  1.436103058E+02
1.855585833E+01  1.464639130E+02
1.857518209E+01  1.522819366E+02
1.859450584E+01  1.592656250E+02
1.861382959E+01  1.666598511E+02
1.863315335E+01  1.749131622E+02
1.865247710E+01  1.853758698E+02
1.867180086E+01  1.998597565E+02
1.869112461E+01  2.159936981E+02
1.871044836E+01  2.314913025E+02
1.872977212E+01  2.458844299E+02
1.874909587E+01  2.580219421E+02
1.876841963E+01  2.698267822E+02
1.878774338E+01  2.775207825E+02
1.880706713E+01  2.839782410E+02
1.882639089E+01  2.854617310E+02
1.884571464E+01  2.836123352E+02
1.886503839E+01  2.775707703E+02
1.888436215E+01  2.689270630E+02
1.890368590E+01  2.573176880E+02
1.892300966E+01  2.426453857E+02
1.894233341E+01  2.259658051E+02
1.896165716E+01  2.075559235E+02
1.898098092E+01  1.873241577E+02
1.900030467E+01  1.667451782E+02
1.901962843E+01  1.474151459E+02
1.903895218E+01  1.302350159E+02
1.905827593E+01  1.131422653E+02
1.907759969E+01  9.839598083E+01
1.909692344E+01  8.672615051E+01
1.911624719E+01  7.737895966E+01
1.913557095E+01  6.717695618E+01
1.915489470E+01  5.721697235E+01
1.917421846E+01  4.946417618E+01
1.919354221E+01  4.375205231E+01
1.921286596E+01  4.229268265E+01
1.923218972E+01  4.330635834E+01
1.925151347E+01  4.607948303E+01
1.927083723E+01  4.966890335E+01
1.929016098E+01  5.641070938E+01
1.930948473E+01  6.360285568E+01
1.932880849E+01  7.230498505E+01
1.934813224E+01  8.202395630E+01
1.936745600E+01  9.092897034E+01
1.938677975E+01  9.883397675E+01
1.940610350E+01  1.035324020E+02
1.942542726E+01  1.038665009E+02
1.944475101E+01  1.024682999E+02
1.946407476E+01  9.859607697E+01
1.948339852E+01  9.499736786E+01
1.950272227E+01  8.735308075E+01
1.952204603E+01  7.887685394E+01
1.954136978E+01  6.986268616E+01
1.956069353E+01  6.003063583E+01
1.958001729E+01  5.087692261E+01
1.959934104E+01  4.491539764E+01
1.961866480E+01  4.110893250E+01
1.963798855E+01  3.623954773E+01
1.965731230E+01  3.232394791E+01
1.967663606E+01  2.924146080E+01
1.969595981E+01  2.627845383E+01
1.971528356E+01  2.421356964E+01
1.973460732E+01  2.375618744E+01
1.975393107E+01  2.427080345E+01
1.977325483E+01  2.337126732E+01
1.979257858E+01  2.171985817E+01
1.981190233E+01  1.960346222E+01
1.983122609E+01  1.703367043E+01
1.985054984E+01  1.463300991E+01
1.986987360E+01  1.191424751E+01
1.988919735E+01  8.115838051E+00
1.990852110E+01  6.131125927E+00
1.992784486E+01  6.357954025E+00
1.994716861E+01  6.974057674E+00
1.996649237E+01  4.262016773E+00
1.998581612E+01  2.222047091E+00
2.000513987E+01  3.737593591E-01
2.002446363E+01  -1.366887212E+00
2.004378738E+01  -3.643151999E+00
2.006311113E+01  -4.127484322E+00
2.008243489E+01  -3.493448496E+00
2.010175864E+01  -4.684033871E+00
2.012108240E+01  -6.185828209E+00
2.014040615E+01  -6.750697136E+00
2.015972990E+01  -6.983433723E+00
2.017905366E+01  -7.323204994E+00
2.019837741E+01  -7.016453743E+00
2.021770117E+01  -7.159871578E+00
2.023702492E+01  -6.856649876E+00
2.025634867E+01  -7.461356163E+00
2.027567243E+01  -7.826519012E+00
2.029499618E+01  -6.596819878E+00
2.031431993E+01  -5.322378635E+00
2.033364369E+01  -5.909684658E+00
2.035296744E+01  -5.108170033E+00
2.037229120E+01  -4.265831947E+00
2.039161495E+01  -3.238413095E+00
2.041093870E+01  -6.857941151E-01
2.043026246E+01  2.858423948E+00
2.044958621E+01  6.847754955E+00
2.046890997E+01  9.270431519E+00
2.048823372E+01  1.112205791E+01
2.050755747E+01  1.436824894E+01
2.052688123E+01  1.878154755E+01
2.054620498E+01  2.479883385E+01
2.056552874E+01  3.000033188E+01
2.058485249E+01  3.333396530E+01
2.060417624E+01  3.580921173E+01
2.062350000E+01  3.816016769E+01
2.064282375E+01  4.337387848E+01
2.066214750E+01  4.759804535E+01
2.068147126E+01  5.079581070E+01
2.070079501E+01  5.365980530E+01
2.072011877E+01  5.734360504E+01
2.073944252E+01  5.954911423E+01
2.075876627E+01  6.195260620E+01
2.077809003E+01  6.451158905E+01
2.079741378E+01  6.711641693E+01
2.081673754E+01  7.118038177E+01
2.083606129E+01  7.450566864E+01
2.085538504E+01  7.832413483E+01
2.087470880E+01  8.035442352E+01
2.089403255E+01  8.338961029E+01
2.091335630E+01  8.605307007E+01
2.093268006E+01  8.795104980E+01
2.095200381E+01  9.031868744E+01
2.097132757E+01  9.314252472E+01
2.099065132E+01  9.522499084E+01
2.100997507E+01  9.688704681E+01
2.102929883E+01  9.878797150E+01
2.104862258E+01  9.930893707E+01
2.106794634E+01  9.983180237E+01
2.108727009E+01  9.962875366E+01
2.110659384E+01  9.834400940E+01
2.112591760E+01  9.737639618E+01
2.114524135E+01  9.977505493E+01
2.116456511E+01  1.006105881E+02
2.118388886E+01  1.005638809E+02
2.120321261E+01  9.939246368E+01
2.122253637E+01  1.018640366E+02
2.124186012E+01  1.050287552E+02
2.126118387E+01  1.083085327E+02
2.128050763E+01  1.110610428E+02
2.129983138E+01  1.162742615E+02
2.131915514E+01  1.210916748E+02
2.133847889E+01  1.250363312E+02
2.135780264E+01  1.253995590E+02
2.137712640E+01  1.249375000E+02
2.139645015E+01  1.196606293E+02
2.141577391E+01  1.120427704E+02
2.143509766E+01  1.022274017E+02
2.145442141E+01  9.019607544E+01
2.147374517E+01  7.718814850E+01
2.149306892E+01  6.548345184E+01
2.151239267E+01  5.451634216E+01
2.153171643E+01  4.369794464E+01
2.155104018E+01  3.262027359E+01
2.157036394E+01  2.399396896E+01
2.158968769E+01  1.575816250E+01
2.160901144E+01  1.005216503E+01
2.162833520E+01  3.366342068E+00
2.164765895E+01  -2.261835575E+00
2.166698271E+01  -2.251209259E+00
2.168630646E+01  -1.913941026E+00
2.170563021E+01  -1.484320641E+00
2.172495397E+01  -5.933717489E-01
2.174427772E+01  -2.849636376E-01
2.176360148E+01  5.401586741E-02
2.178292523E+01  1.726377368E+00
2.180224898E+01  4.689231396E+00
2.182157274E+01  7.578161716E+00
2.184089649E+01  1.022675705E+01
2.186022024E+01  1.571007061E+01
2.187954400E+01  2.255165672E+01
2.189886775E+01  2.883294106E+01
2.191819151E+01  3.398912811E+01
2.193751526E+01  4.109191132E+01
2.195683901E+01  4.900793076E+01
2.197616277E+01  5.714070511E+01
2.199548652E+01  6.538084412E+01
2.201481028E+01  7.500399017E+01
2.203413403E+01  8.363565826E+01
2.205345778E+01  9.191188812E+01
2.207278154E+01  9.938550568E+01
2.209210529E+01  1.051957855E+02
2.211142904E+01  1.101546249E+02
2.213075280E+01  1.145949707E+02
2.215007655E+01  1.192777710E+02
2.216940031E+01  1.218575439E+02
2.218872406E+01  1.214732285E+02
2.220804781E+01  1.222457199E+02
2.222737157E+01  1.196511841E+02
2.224669532E+01  1.129863586E+02
2.226601908E+01  1.057716446E+02
2.228534283E+01  1.009661942E+02
2.230466658E+01  9.527015686E+01
2.232399034E+01  8.796428680E+01
2.234331409E+01  8.132762146E+01
2.236263785E+01  7.728623962E+01
2.238196160E+01  7.153451538E+01
2.240128535E+01  6.454592896E+01
2.242060911E+01  5.981348038E+01
2.243993286E+01  5.667396164E+01
2.245925661E+01  5.153619385E+01
2.247858037E+01  4.646379089E+01
2.249790412E+01  4.208557892E+01
2.251722788E+01  4.080478668E+01
2.253655163E+01  4.023365021E+01
2.255587538E+01  4.204836655E+01
2.257519914E+01  4.285750198E+01
2.259452289E+01  4.359921646E+01
2.261384665E+01  4.358398056E+01
2.263317040E+01  4.626556015E+01
2.265249415E+01  4.862677002E+01
2.267181791E+01  5.164551926E+01
2.269114166E+01  5.550600815E+01
2.271046542E+01  6.047809219E+01
2.272978917E+01  6.605378723E+01
2.274911292E+01  7.227561951E+01
2.276843668E+01  7.889895630E+01
2.278776043E+01  8.320502472E+01
2.280708418E+01  8.813883209E+01
2.282640794E+01  9.455671692E+01
2.284573169E+01  1.024678116E+02
2.286505545E+01  1.074947281E+02
2.288437920E+01  1.113767166E+02
2.290370295E+01  1.146735458E+02
2.292302671E+01  1.196609879E+02
2.294235046E+01  1.242473297E+02
2.296167422E+01  1.287663422E+02
2.298099797E+01  1.316967316E+02
2.300032172E+01  1.324097290E+02
2.301964548E+01  1.291632385E+02
2.303896923E+01  1.221389008E+02
2.305829298E+01  1.213459320E+02
2.307761674E+01  1.258020248E+02
2.309694049E+01  1.316512756E+02
2.311626425E+01  1.355816345E+02
2.313558800E+01  1.396879730E+02
2.315491175E+01  1.671417542E+02
2.317423551E+01  2.328970642E+02
2.319355926E+01  3.678151855E+02
2.321288302E+01  4.429784851E+02
2.323220677E+01  4.699377441E+02
2.325153052E+01  5.052745056E+02
2.327085428E+01  5.087000732E+02
2.329017803E+01  4.575221252E+02
2.330950179E+01  3.646876831E+02
2.332882554E+01  2.520690002E+02
2.334814929E+01  1.693075867E+02
2.336747305E+01  1.108727036E+02
2.338679680E+01  9.579003143E+01
2.340612055E+01  9.547894287E+01
2.342544431E+01  9.096229553E+01
2.344476806E+01  8.286228180E+01
2.346409182E+01  5.949608994E+01
2.348341557E+01  4.107030487E+01
2.350273932E+01  2.737055969E+01
2.352206308E+01  1.765439034E+01
2.354138683E+01  1.210997009E+01
2.356071059E+01  1.255142975E+01
2.358003434E+01  1.408096981E+01
2.359935809E+01  1.092553520E+01
2.361868185E+01  5.221002579E+00
2.363800560E+01  1.709203839E+00
2.365732935E+01  7.276787758E-01
2.367665311E+01  1.029015541E+00
2.369597686E+01  1.266940117E+00
2.371530062E+01  2.426008701E+00
2.373462437E+01  2.447345018E+00
2.375394812E+01  1.488167763E+00
2.377327188E+01  4.838057756E-01
2.379259563E+01  -1.489264220E-01
2.381191939E+01  -1.904357523E-01
2.383124314E+01  1.494767219E-01
2.385056689E+01  2.933878303E-01
2.386989065E+01  3.435660839E+00
2.388921440E+01  6.834686279E+00
2.390853816E+01  8.746479034E+00
2.392786191E+01  6.158569813E+00
2.394718566E+01  6.734098911E+00
2.396650942E+01  8.737602234E+00
2.398583317E+01  1.034360695E+01
2.400515692E+01  1.022477150E+01
2.402448068E+01  9.183717728E+00
2.404380443E+01  9.778040886E+00
2.406312819E+01  8.702630997E+00
2.408245194E+01  9.793825150E+00
2.410177569E+01  9.470327377E+00
2.412109945E+01  8.887016296E+00
2.414042320E+01  5.630750179E+00
2.415974696E+01  4.152493000E+00
2.417907071E+01  3.732156992E+00
2.419839446E+01  4.442228317E+00
2.421771822E+01  3.892636776E+00
2.423704197E+01  4.240520954E+00
2.425636572E+01  4.972941399E+00
2.427568948E+01  4.024554253E+00
2.429501323E+01  2.663211897E-02
2.431433699E+01  -1.498113155E+00
2.433366074E+01  -6.609255075E-01
2.435298449E+01  4.507078230E-01
2.437230825E+01  -1.972308874E+00
2.439163200E+01  -4.467763424E+00
2.441095576E+01  -5.087541103E+00
2.443027951E+01  -4.504316807E+00
2.444960326E+01  -3.859461069E+00
2.446892702E+01  -2.717634678E+00
2.448825077E+01  3.401893675E-01
2.450757453E+01  1.924239635E+00
2.452689828E+01  3.698734760E+00
2.454622203E+01  2.754680157E+00
2.456554579E+01  4.629638672E+00
2.458486954E+01  5.765487671E+00
2.460419329E+01  8.459587097E+00
2.462351705E+01  1.027541542E+01
2.464284080E+01  1.380306625E+01
2.466216456E+01  1.710137749E+01
2.468148831E+01  2.040691185E+01
2.470081206E+01  2.240421867E+01
2.472013582E+01  2.604515457E+01
2.473945957E+01  3.157574463E+01
2.475878333E+01  3.327982330E+01
2.477810708E+01  3.280886841E+01
2.479743083E+01  3.309702682E+01
2.481675459E+01  3.294681168E+01
2.483607834E+01  3.232279968E+01
2.485540209E+01  3.105425644E+01
2.487472585E+01  2.809002113E+01
2.489404960E+01  2.450240517E+01
2.491337336E+01  2.308094788E+01
2.493269711E+01  2.380774689E+01
2.495202086E+01  2.373929024E+01
2.497134462E+01  2.263585663E+01
2.499066837E+01  2.206478310E+01
2.500999213E+01  2.105988312E+01
2.502931588E+01  2.000718880E+01
2.504863963E+01  1.943011475E+01
2.506796339E+01  1.863446617E+01
2.508728714E+01  1.650141144E+01
2.510661090E+01  1.436615181E+01
2.512593465E+01  1.497469902E+01
2.514525840E+01  1.565160942E+01
2.516458216E+01  1.372869205E+01
2.518390591E+01  1.141855049E+01
2.520322966E+01  1.197620106E+01
2.522255342E+01  1.232725334E+01
2.524187717E+01  1.276420403E+01
2.526120093E+01  1.253725719E+01
2.528052468E+01  1.222859859E+01
2.529984843E+01  9.590289116E+00
2.531917219E+01  9.439779282E+00
2.533849594E+01  8.694581985E+00
2.535781970E+01  9.628866196E+00
2.537714345E+01  8.335138321E+00
2.539646720E+01  7.016724110E+00
2.541579096E+01  4.946271896E+00
2.543511471E+01  3.566344261E+00
2.545443846E+01  4.064866066E+00
2.547376222E+01  6.019415379E+00
2.549308597E+01  6.270766258E+00
2.551240973E+01  4.168256283E+00
2.553173348E+01  2.217010975E+00
2.555105723E+01  1.477363110E+00
2.557038099E+01  1.381266117E+00
2.558970474E+01  3.780525625E-01
2.560902850E+01  -1.870979667E+00
2.562835225E+01  -6.163402200E-01
2.564767600E+01  -7.635048628E-01
2.566699976E+01  -2.329452038E+00
2.568632351E+01  -2.875518799E+00
2.570564727E+01  -3.712718964E+00
2.572497102E+01  -3.363405943E+00
2.574429477E+01  -2.539541960E+00
2.576361853E+01  1.453742981E+00
2.578294228E+01  4.301406384E+00
2.580226603E+01  6.403105736E+00
2.582158979E+01  9.011140823E+00
2.584091354E+01  1.009740067E+01
2.586023730E+01  1.120785427E+01
2.587956105E+01  8.880279541E+00
2.589888480E+01  6.836401463E+00
2.591820856E+01  5.973834991E+00
2.593753231E+01  8.494503975E+00
2.595685607E+01  1.227475357E+01
2.597617982E+01  1.539343071E+01
2.599550357E+01  1.543802738E+01
2.601482733E+01  1.638554192E+01
2.603415108E+01  1.819597626E+01
2.605347483E+01  2.089852142E+01
2.607279859E+01  2.230076981E+01
2.609212234E+01  2.555366325E+01
2.611144610E+01  3.137950134E+01
2.613076985E+01  3.718791580E+01
2.615009360E+01  4.060929489E+01
2.616941736E+01  4.553654099E+01
2.618874111E+01  5.319120789E+01
2.620806487E+01  5.553610229E+01
2.622738862E+01  5.577526474E+01
2.624671237E+01  5.712863541E+01
2.626603613E+01  5.993064880E+01
2.628535988E+01  6.166541672E+01
2.630468364E+01  6.522400665E+01
2.632400739E+01  6.643765259E+01
2.634333114E+01  6.690564728E+01
2.636265490E+01  6.696402740E+01
2.638197865E+01  7.038312531E+01
2.640130240E+01  7.601988220E+01
2.642062616E+01  8.266694641E+01
2.643994991E+01  8.755514526E+01
2.645927367E+01  8.874185181E+01
2.647859742E+01  8.896551514E+01
2.649792117E+01  9.100793457E+01
2.651724493E+01  9.201871490E+01
2.653656868E+01  9.152233124E+01
2.655589244E+01  8.801338196E+01
2.657521619E+01  8.468431091E+01
2.659453994E+01  8.251796722E+01
2.661386370E+01  8.408177948E+01
2.663318745E+01  8.324699402E+01
2.665251120E+01  8.078437805E+01
2.667183496E+01  7.909836578E+01
2.669115871E+01  7.939815521E+01
2.671048247E+01  7.979396057E+01
2.672980622E+01  8.006723785E+01
2.674912997E+01  8.314922333E+01
2.676845373E+01  8.525398254E+01
2.678777748E+01  8.749440765E+01
2.680710124E+01  8.993737030E+01
2.682642499E+01  9.326634979E+01
2.684574874E+01  9.372014618E+01
2.686507250E+01  9.302895355E+01
2.688439625E+01  8.990360260E+01
2.690372001E+01  8.747452545E+01
2.692304376E+01  8.543073273E+01
2.694236751E+01  8.485596466E+01
2.696169127E+01  8.051094055E+01
2.698101502E+01  7.909145355E+01
2.700033877E+01  7.692341614E+01
2.701966253E+01  7.419970703E+01
2.703898628E+01  7.027145386E+01
2.705831004E+01  6.760481262E+01
2.707763379E+01  7.403783417E+01
2.709695754E+01  8.718231964E+01
2.711628130E+01  1.050696030E+02
2.713560505E+01  1.241815262E+02
2.715492881E+01  1.389405060E+02
2.717425256E+01  1.543254242E+02
2.719357631E+01  1.680750732E+02
2.721290007E+01  1.727267151E+02
2.723222382E+01  1.690274353E+02
2.725154757E+01  1.770281677E+02
2.727087133E+01  1.946476898E+02
2.729019508E+01  1.542423553E+02
2.730951884E+01  1.283759460E+02
2.732884259E+01  1.374075470E+02
2.734816634E+01  1.582492828E+02
2.736749010E+01  1.369567719E+02
2.738681385E+01  8.907785797E+01
2.740613761E+01  5.202449799E+01
2.742546136E+01  4.997044373E+01
2.744478511E+01  4.287392426E+01
2.746410887E+01  7.125057983E+01
2.748343262E+01  1.058599701E+02
2.750275638E+01  1.284921722E+02
2.752208013E+01  1.269072266E+02
2.754140388E+01  1.103775864E+02
2.756072764E+01  9.033628082E+01
2.758005139E+01  6.890061951E+01
2.759937514E+01  6.016607285E+01
2.761869890E+01  5.838840866E+01
2.763802265E+01  5.411207962E+01
2.765734641E+01  5.070977020E+01
2.767667016E+01  4.914238739E+01
2.769599391E+01  4.740582275E+01
2.771531767E+01  4.756195068E+01
2.773464142E+01  4.818735886E+01
2.775396518E+01  5.309158707E+01
2.777328893E+01  5.765650558E+01
2.779261268E+01  5.722277069E+01
2.781193644E+01  5.447606659E+01
2.783126019E+01  5.337265778E+01
2.785058394E+01  5.614256668E+01
2.786990770E+01  5.720876694E+01
2.788923145E+01  5.577219391E+01
2.790855521E+01  5.773214340E+01
2.792787896E+01  5.729079437E+01
2.794720271E+01  5.572107697E+01
2.796652647E+01  5.524313736E+01
2.798585022E+01  5.772239304E+01
2.800517398E+01  6.194444275E+01
2.802449773E+01  6.391540909E+01
2.804382148E+01  6.129042053E+01
2.806314524E+01  5.765419006E+01
2.808246899E+01  5.600830841E+01
2.810179275E+01  5.567464066E+01
2.812111650E+01  5.910732651E+01
2.814044025E+01  5.964794922E+01
2.815976401E+01  5.852311707E+01
2.817908776E+01  5.605442429E+01
2.819841151E+01  5.275369644E+01
2.821773527E+01  4.610154343E+01
2.823705902E+01  4.485937500E+01
2.825638278E+01  4.320148468E+01
2.827570653E+01  4.257218933E+01
2.829503028E+01  3.984672928E+01
2.831435404E+01  4.094057846E+01
2.833367779E+01  4.185998154E+01
2.835300155E+01  3.950218964E+01
2.837232530E+01  3.686561584E+01
2.839164905E+01  3.442845535E+01
2.841097281E+01  4.331756973E+01
2.843029656E+01  5.116829300E+01
2.844962031E+01  6.111339188E+01
2.846894407E+01  7.042482758E+01
2.848826782E+01  8.108086395E+01
2.850759158E+01  9.739464569E+01
2.852691533E+01  1.259223709E+02
2.854623908E+01  1.685057068E+02
2.856556284E+01  1.957104645E+02
2.858488659E+01  2.107282104E+02
2.860421035E+01  2.199660492E+02
2.862353410E+01  2.195903778E+02
2.864285785E+01  2.071982117E+02
2.866218161E+01  1.883255310E+02
2.868150536E+01  1.675484314E+02
2.870082912E+01  1.491152039E+02
2.872015287E+01  1.317801971E+02
2.873947662E+01  1.062481842E+02
2.875880038E+01  8.859394836E+01
2.877812413E+01  8.035707855E+01
2.879744788E+01  7.805310059E+01
2.881677164E+01  7.542752075E+01
2.883609539E+01  7.361486816E+01
2.885541915E+01  7.524530029E+01
2.887474290E+01  7.886437225E+01
2.889406665E+01  8.018733215E+01
2.891339041E+01  7.959188080E+01
2.893271416E+01  7.941854095E+01
2.895203792E+01  8.069776154E+01
2.897136167E+01  7.704470062E+01
2.899068542E+01  7.614333344E+01
2.901000918E+01  7.461383057E+01
2.902933293E+01  7.537522125E+01
2.904865668E+01  7.300195312E+01
2.906798044E+01  7.144141388E+01
2.908730419E+01  6.375567627E+01
2.910662795E+01  5.934676361E+01
2.912595170E+01  5.675981140E+01
2.914527545E+01  6.380159760E+01
2.916459921E+01  6.651774597E+01
2.918392296E+01  6.302659988E+01
2.920324672E+01  4.806748199E+01
2.922257047E+01  3.927167511E+01
2.924189422E+01  3.811019135E+01
2.926121798E+01  3.660952377E+01
2.928054173E+01  3.636824036E+01
2.929986549E+01  4.511675262E+01
2.931918924E+01  4.743199921E+01
2.933851299E+01  4.542841721E+01
2.935783675E+01  4.082413101E+01
2.937716050E+01  3.454661560E+01
2.939648425E+01  3.277781677E+01
2.941580801E+01  3.326843643E+01
2.943513176E+01  2.950152969E+01
2.945445552E+01  2.016445160E+01
2.947377927E+01  1.635399628E+01
2.949310302E+01  1.367273140E+01
2.951242678E+01  1.443907833E+01
2.953175053E+01  2.370435143E+01
2.955107429E+01  2.582728577E+01
2.957039804E+01  1.676116180E+01
2.958972179E+01  1.347643661E+01
2.960904555E+01  1.173432159E+01
2.962836930E+01  4.789832115E+00
2.964769305E+01  8.378096819E-01
2.966701681E+01  4.032982886E-01
2.968634056E+01  -2.997607231E+00
2.970566432E+01  -5.583096981E+00
2.972498807E+01  4.516996861E+00
2.974431182E+01  6.467036724E+00
2.976363558E+01  -2.015715837E-02
2.978295933E+01  -2.749397278E+00
2.980228309E+01  -2.263360739E+00
2.982160684E+01  -4.806946516E-01
2.984093059E+01  1.392522693E+00
