4.219737778E+00  8.490937233E+00
4.239031177E+00  4.922117710E+00
4.258324575E+00  4.681858540E+00
4.277617973E+00  5.585792065E+00
4.296911372E+00  6.445841789E+00
4.316204770E+00  8.884037018E+00
4.335498168E+00  8.155870438E+00
4.354791567E+00  9.490338326E+00
4.374084965E+00  8.131872177E+00
4.393378363E+00  6.658641338E+00
4.412671762E+00  4.738205910E+00
4.431965160E+00  1.619063735E+00
4.451258558E+00  -7.588400245E-01
4.470551957E+00  -7.651646733E-01
4.489845355E+00  -1.262699127E+00
4.509138753E+00  -6.089293957E-01
4.528432152E+00  6.080278754E-01
4.547725550E+00  4.157352448E-01
4.567018948E+00  7.102634311E-01
4.586312347E+00  5.195779204E-01
4.605605745E+00  3.006406307E+00
4.624899143E+00  5.385131836E+00
4.644192542E+00  7.774446011E+00
4.663485940E+00  9.861493111E+00
4.682779338E+00  1.201907730E+01
4.702072737E+00  1.568129635E+01
4.721366135E+00  1.548115921E+01
4.740659533E+00  1.538418198E+01
4.759952931E+00  1.353727818E+01
4.779246330E+00  1.098776150E+01
4.798539728E+00  1.085939980E+01
4.817833126E+00  4.993083954E+00
4.837126525E+00  2.321861029E+00
4.856419923E+00  -2.204255581E+00
4.875713321E+00  -1.143252373E+00
4.895006720E+00  3.512932777E+00
4.914300118E+00  7.013633251E+00
4.933593516E+00  9.799886703E+00
4.952886915E+00  1.045319080E+01
4.972180313E+00  1.150436592E+01
4.991473711E+00  1.150729084E+01
5.010767110E+00  1.491948128E+01
5.030060508E+00  1.588593102E+01
5.049353906E+00  1.329096127E+01
5.068647305E+00  9.891784668E+00
5.087940703E+00  7.268648148E+00
5.107234101E+00  3.035411596E+00
5.126527500E+00  6.777411699E-01
5.145820898E+00  -6.829667687E-01
5.165114296E+00  3.199383497E+00
5.184407695E+00  6.093451023E+00
5.203701093E+00  6.635800838E+00
5.222994491E+00  3.413284063E+00
5.242287890E+00  7.497479320E-01
5.261581288E+00  -6.585454941E-02
5.280874686E+00  -1.559411407E+00
5.300168084E+00  -1.212921381E+00
5.319461483E+00  -1.779825211E+00
5.338754881E+00  -1.894341707E-01
5.358048279E+00  -9.645246863E-01
5.377341678E+00  -3.171377480E-01
5.396635076E+00  -1.644016147E+00
5.415928474E+00  -1.675587177E+00
5.435221873E+00  -8.209720254E-01
5.454515271E+00  -2.681033313E-01
5.473808669E+00  2.012850761E+00
5.493102068E+00  5.302698135E+00
5.512395466E+00  7.204776287E+00
5.531688864E+00  8.943316460E+00
5.550982263E+00  9.060016632E+00
5.570275661E+00  1.133326149E+01
5.589569059E+00  1.077450562E+01
5.608862458E+00  1.003455734E+01
5.628155856E+00  1.037309742E+01
5.647449254E+00  9.796407700E+00
5.666742653E+00  1.040700531E+01
5.686036051E+00  9.770360947E+00
5.705329449E+00  8.451290131E+00
5.724622848E+00  7.863811493E+00
5.743916246E+00  7.672268391E+00
5.763209644E+00  8.660703659E+00
5.782503043E+00  9.614194870E+00
5.801796441E+00  8.880597115E+00
5.821089839E+00  7.649081230E+00
5.840383237E+00  6.780917168E+00
5.859676636E+00  6.008898735E+00
5.878970034E+00  6.630424500E+00
5.898263432E+00  5.743543148E+00
5.917556831E+00  5.873871803E+00
5.936850229E+00  7.537301540E+00
5.956143627E+00  8.371068954E+00
5.975437026E+00  8.878108978E+00
5.994730424E+00  8.914331436E+00
6.014023822E+00  8.437622070E+00
6.033317221E+00  1.054395866E+01
6.052610619E+00  1.072569942E+01
6.071904017E+00  1.146312428E+01
6.091197416E+00  9.915847778E+00
6.110490814E+00  9.477502823E+00
6.129784212E+00  1.060363960E+01
6.149077611E+00  1.085885334E+01
6.168371009E+00  1.257916260E+01
6.187664407E+00  1.402584267E+01
6.206957806E+00  1.334077644E+01
6.226251204E+00  1.044907379E+01
6.245544602E+00  1.028884602E+01
6.264838001E+00  1.012203121E+01
6.284131399E+00  9.165293694E+00
6.303424797E+00  8.421854019E+00
6.322718196E+00  7.292117119E+00
6.342011594E+00  7.636218071E+00
6.361304992E+00  7.749885559E+00
6.380598390E+00  8.280982971E+00
6.399891789E+00  6.907519817E+00
6.419185187E+00  7.515413761E+00
6.438478585E+00  6.223912239E+00
6.457771984E+00  3.598990679E+00
6.477065382E+00  3.948274255E-01
6.496358780E+00  -2.577070706E-02
6.515652179E+00  2.391404629E+00
6.534945577E+00  3.900026321E+00
6.554238975E+00  2.701768875E+00
6.573532374E+00  -1.513510048E-01
6.592825772E+00  -2.867654860E-01
6.612119170E+00  5.137802362E-01
6.631412569E+00  1.074223995E+00
6.650705967E+00  2.270947218E+00
6.669999365E+00  2.656290054E+00
6.689292764E+00  2.680453062E+00
6.708586162E+00  6.851260662E-01
6.727879560E+00  8.377889395E-01
6.747172959E+00  1.741547942E+00
6.766466357E+00  2.575001478E+00
6.785759755E+00  9.569602609E-01
6.805053154E+00  -1.168327093E+00
6.824346552E+00  -2.654000759E+00
6.843639950E+00  -1.268046975E+00
6.862933349E+00  -1.623147130E-01
6.882226747E+00  1.196512580E-01
6.901520145E+00  6.435677409E-01
6.920813543E+00  -1.011305809E+00
6.940106942E+00  1.887372434E-01
6.959400340E+00  1.720255166E-01
6.978693738E+00  1.816190004E+00
6.997987137E+00  2.423501015E+00
7.017280535E+00  3.533611774E+00
7.036573933E+00  3.560522318E+00
7.055867332E+00  1.386823416E+00
7.075160730E+00  -3.748218119E-01
7.094454128E+00  6.535502523E-02
7.113747527E+00  1.908418983E-01
7.133040925E+00  2.684477329E+00
7.152334323E+00  2.679200411E+00
7.171627722E+00  1.628920555E+00
7.190921120E+00  1.302922726E+00
7.210214518E+00  3.901369095E+00
7.229507917E+00  4.879053116E+00
7.248801315E+00  3.322131634E+00
7.268094713E+00  3.248596787E-01
7.287388112E+00  -7.218119502E-01
7.306681510E+00  -8.438350558E-01
7.325974908E+00  8.001388311E-01
7.345268307E+00  2.585284948E+00
7.364561705E+00  2.147433519E+00
7.383855103E+00  1.400910735E+00
7.403148502E+00  -4.677894115E-01
7.422441900E+00  -5.432027578E-01
7.441735298E+00  3.611112237E-01
7.461028696E+00  6.928154826E-01
7.480322095E+00  1.111488342E+00
7.499615493E+00  2.210519314E-01
7.518908891E+00  1.066415757E-01
7.538202290E+00  -2.403542213E-02
7.557495688E+00  -1.636990309E-01
7.576789086E+00  -6.368479729E-01
7.596082485E+00  -1.050938129E+00
7.615375883E+00  3.078568280E-01
7.634669281E+00  1.012231350E+00
7.653962680E+00  6.062838435E-01
7.673256078E+00  2.119455338E-01
7.692549476E+00  -8.936439157E-01
7.711842875E+00  7.853338122E-02
7.731136273E+00  1.201081157E+00
7.750429671E+00  3.831143141E+00
7.769723070E+00  4.517363071E+00
7.789016468E+00  5.251080036E+00
7.808309866E+00  4.782465935E+00
7.827603265E+00  5.167376995E+00
7.846896663E+00  5.343499184E+00
7.866190061E+00  4.331250668E+00
7.885483460E+00  5.347527027E+00
7.904776858E+00  6.032972336E+00
7.924070256E+00  9.843314171E+00
7.943363655E+00  1.558229923E+01
7.962657053E+00  2.172393799E+01
7.981950451E+00  2.806922340E+01
8.001243849E+00  3.431642914E+01
8.020537248E+00  4.106816864E+01
8.039830646E+00  4.602547455E+01
8.059124044E+00  4.933983231E+01
8.078417443E+00  5.022426987E+01
8.097710841E+00  4.999728012E+01
8.117004239E+00  4.956498718E+01
8.136297638E+00  4.832936478E+01
8.155591036E+00  4.536644745E+01
8.174884434E+00  4.064410019E+01
8.194177833E+00  3.512847519E+01
8.213471231E+00  3.292195129E+01
8.232764629E+00  3.227217102E+01
8.252058028E+00  3.563724136E+01
8.271351426E+00  3.945405960E+01
8.290644824E+00  4.453112793E+01
8.309938223E+00  4.848340225E+01
8.329231621E+00  5.306432724E+01
8.348525019E+00  5.918807983E+01
8.367818418E+00  6.338562012E+01
8.387111816E+00  6.591460419E+01
8.406405214E+00  6.222983932E+01
8.425698613E+00  5.789004135E+01
8.444992011E+00  5.318213654E+01
8.464285409E+00  5.026311874E+01
8.483578808E+00  4.933707809E+01
8.502872206E+00  4.546281815E+01
8.522165604E+00  3.964277649E+01
8.541459002E+00  3.291212463E+01
8.560752401E+00  2.752165985E+01
8.580045799E+00  2.189315224E+01
8.599339197E+00  1.823214149E+01
8.618632596E+00  1.355652714E+01
8.637925994E+00  1.019852829E+01
8.657219392E+00  6.527845860E+00
8.676512791E+00  4.012465954E+00
8.695806189E+00  1.019937277E+00
8.715099587E+00  -7.021494508E-01
8.734392986E+00  -1.057649732E+00
8.753686384E+00  -2.146522105E-01
8.772979782E+00  2.687982798E+00
8.792273181E+00  6.697851658E+00
8.811566579E+00  1.087884235E+01
8.830859977E+00  1.696665192E+01
8.850153376E+00  2.654089928E+01
8.869446774E+00  4.196726608E+01
8.888740172E+00  6.268069458E+01
8.908033571E+00  8.910284424E+01
8.927326969E+00  1.189162903E+02
8.946620367E+00  1.467082672E+02
8.965913766E+00  1.714460297E+02
8.985207164E+00  1.861033020E+02
9.004500562E+00  1.867022552E+02
9.023793960E+00  1.749328766E+02
9.043087359E+00  1.515582428E+02
9.062380757E+00  1.158551407E+02
9.081674155E+00  7.734603882E+01
9.100967554E+00  4.641499710E+01
9.120260952E+00  3.175518227E+01
9.139554350E+00  2.629267693E+01
9.158847749E+00  2.108392143E+01
9.178141147E+00  1.322854710E+01
9.197434545E+00  8.451385498E+00
9.216727944E+00  4.951581001E+00
9.236021342E+00  3.151841402E+00
9.255314740E+00  2.452577353E+00
9.274608139E+00  8.859421611E-01
9.293901537E+00  -2.283593178E+00
9.313194935E+00  -3.692795992E+00
9.332488334E+00  -2.648235083E+00
9.351781732E+00  1.355399847E+00
9.371075130E+00  2.924598217E+00
9.390368529E+00  2.608574629E+00
9.409661927E+00  -1.495510459E+00
9.428955325E+00  -3.040162325E+00
9.448248724E+00  -3.254458427E+00
9.467542122E+00  -2.000933647E+00
9.486835520E+00  -9.657666087E-01
9.506128919E+00  9.615842700E-01
9.525422317E+00  1.024075747E+00
9.544715715E+00  1.892738461E+00
9.564009113E+00  1.215266109E+00
9.583302512E+00  1.413628221E+00
9.602595910E+00  2.401607513E+00
9.621889308E+00  6.740324497E+00
9.641182707E+00  1.374249649E+01
9.660476105E+00  1.981472969E+01
9.679769503E+00  2.733009148E+01
9.699062902E+00  3.477631378E+01
9.718356300E+00  4.507880020E+01
9.737649698E+00  5.460235596E+01
9.756943097E+00  6.546735382E+01
9.776236495E+00  7.345233154E+01
9.795529893E+00  8.390808868E+01
9.814823292E+00  9.277549744E+01
9.834116690E+00  1.001595154E+02
9.853410088E+00  1.051172485E+02
9.872703487E+00  1.081675262E+02
9.891996885E+00  1.081156082E+02
9.911290283E+00  1.044035187E+02
9.930583682E+00  9.928684998E+01
9.949877080E+00  9.138137817E+01
9.969170478E+00  8.461108398E+01
9.988463877E+00  7.561393738E+01
1.000775727E+01  6.726457977E+01
1.002705067E+01  5.782158661E+01
1.004634407E+01  4.599874496E+01
1.006563747E+01  3.636276627E+01
1.008493087E+01  2.826885414E+01
1.010422427E+01  2.276083755E+01
1.012351766E+01  1.921303749E+01
1.014281106E+01  1.514398575E+01
1.016210446E+01  1.044396591E+01
1.018139786E+01  6.213640690E+00
1.020069126E+01  3.012590408E+00
1.021998466E+01  -5.237472057E-01
1.023927805E+01  -2.682122469E+00
1.025857145E+01  -6.486660957E+00
1.027786485E+01  -6.724988937E+00
1.029715825E+01  -8.048579216E+00
1.031645165E+01  -5.440771580E+00
1.033574505E+01  -3.738019705E+00
1.035503844E+01  -1.385998607E+00
1.037433184E+01  6.575834751E-02
1.039362524E+01  2.698472261E+00
1.041291864E+01  8.256337166E+00
1.043221204E+01  1.475027180E+01
1.045150544E+01  2.149745941E+01
1.047079883E+01  2.492578697E+01
1.049009223E+01  2.835092926E+01
1.050938563E+01  3.443337250E+01
1.052867903E+01  4.267815781E+01
1.054797243E+01  5.534893799E+01
1.056726583E+01  6.727533722E+01
1.058655922E+01  7.663980103E+01
1.060585262E+01  8.369487762E+01
1.062514602E+01  9.033181000E+01
1.064443942E+01  9.800117493E+01
1.066373282E+01  1.065439224E+02
1.068302622E+01  1.157346039E+02
1.070231961E+01  1.252732697E+02
1.072161301E+01  1.341475372E+02
1.074090641E+01  1.446687317E+02
1.076019981E+01  1.550023651E+02
1.077949321E+01  1.678849335E+02
1.079878661E+01  1.829268951E+02
1.081808000E+01  1.991841888E+02
1.083737340E+01  2.177144012E+02
1.085666680E+01  2.344861298E+02
1.087596020E+01  2.512137451E+02
1.089525360E+01  2.663749695E+02
1.091454700E+01  2.786080627E+02
1.093384039E+01  2.882498474E+02
1.095313379E+01  2.925167542E+02
1.097242719E+01  2.905354614E+02
1.099172059E+01  2.799955444E+02
1.101101399E+01  2.639091492E+02
1.103030739E+01  2.422395782E+02
1.104960078E+01  2.159240723E+02
1.106889418E+01  1.908169708E+02
1.108818758E+01  1.656912537E+02
1.110748098E+01  1.407921600E+02
1.112677438E+01  1.200838165E+02
1.114606778E+01  1.017465439E+02
1.116536117E+01  8.644371033E+01
1.118465457E+01  7.367108917E+01
1.120394797E+01  6.749027252E+01
1.122324137E+01  6.469908142E+01
1.124253477E+01  6.313331604E+01
1.126182817E+01  6.419631958E+01
1.128112156E+01  6.826327515E+01
1.130041496E+01  7.600834656E+01
1.131970836E+01  8.506655884E+01
1.133900176E+01  9.742563629E+01
1.135829516E+01  1.095019684E+02
1.137758856E+01  1.255246048E+02
1.139688195E+01  1.401461334E+02
1.141617535E+01  1.586155090E+02
1.143546875E+01  1.788069153E+02
1.145476215E+01  1.996293640E+02
1.147405555E+01  2.209047089E+02
1.149334895E+01  2.417469788E+02
1.151264234E+01  2.629027405E+02
1.153193574E+01  2.811014709E+02
1.155122914E+01  2.944037170E+02
1.157052254E+01  3.007302551E+02
1.158981594E+01  3.039640808E+02
1.160910934E+01  3.031144409E+02
1.162840273E+01  2.974117126E+02
1.164769613E+01  2.852234802E+02
1.166698953E+01  2.699598389E+02
1.168628293E+01  2.514288025E+02
1.170557633E+01  2.319250336E+02
1.172486973E+01  2.120197754E+02
1.174416312E+01  1.904644318E+02
1.176345652E+01  1.675593262E+02
1.178274992E+01  1.473439789E+02
1.180204332E+01  1.290135040E+02
1.182133672E+01  1.107127380E+02
1.184063012E+01  9.385968781E+01
1.185992351E+01  8.044372559E+01
1.187921691E+01  7.073254395E+01
1.189851031E+01  6.199653244E+01
1.191780371E+01  5.420242310E+01
1.193709711E+01  4.745635986E+01
1.195639051E+01  4.242554474E+01
1.197568390E+01  3.936583328E+01
1.199497730E+01  3.715151215E+01
1.201427070E+01  3.475918579E+01
1.203356410E+01  3.418623352E+01
1.205285750E+01  3.289857101E+01
1.207215090E+01  2.859381866E+01
1.209144429E+01  2.605238342E+01
1.211073769E+01  2.255006027E+01
1.213003109E+01  1.887950516E+01
1.214932449E+01  1.562808132E+01
1.216861789E+01  1.423838806E+01
1.218791129E+01  1.415060997E+01
1.220720468E+01  1.104445076E+01
1.222649808E+01  7.299096584E+00
1.224579148E+01  5.551323414E+00
1.226508488E+01  3.644955397E+00
1.228437828E+01  3.088631868E+00
1.230367168E+01  3.773579836E+00
1.232296507E+01  6.287089825E+00
1.234225847E+01  7.145671844E+00
1.236155187E+01  7.791391850E+00
1.238084527E+01  1.016658115E+01
1.240013867E+01  1.371383476E+01
1.241943207E+01  1.568167782E+01
1.243872546E+01  1.830840111E+01
1.245801886E+01  2.190995789E+01
1.247731226E+01  2.620588684E+01
1.249660566E+01  3.102561188E+01
1.251589906E+01  3.562900543E+01
1.253519245E+01  4.055110931E+01
1.255448585E+01  4.491732025E+01
1.257377925E+01  4.773515701E+01
1.259307265E+01  5.156903076E+01
1.261236605E+01  5.446337509E+01
1.263165945E+01  5.795654678E+01
1.265095284E+01  5.958962250E+01
1.267024624E+01  5.907045364E+01
1.268953964E+01  5.801707840E+01
1.270883304E+01  5.819894409E+01
1.272812644E+01  5.353518295E+01
1.274741984E+01  4.852333450E+01
1.276671323E+01  4.521687698E+01
1.278600663E+01  4.190613937E+01
1.280530003E+01  3.735829926E+01
1.282459343E+01  3.358958435E+01
1.284388683E+01  3.151787758E+01
1.286318023E+01  2.787651634E+01
1.288247362E+01  2.414839172E+01
1.290176702E+01  2.011940384E+01
1.292106042E+01  1.882743835E+01
1.294035382E+01  1.796788216E+01
1.295964722E+01  1.814802361E+01
1.297894062E+01  1.885871887E+01
1.299823401E+01  1.906302261E+01
1.301752741E+01  2.258217239E+01
1.303682081E+01  2.757262993E+01
1.305611421E+01  3.472384262E+01
1.307540761E+01  4.416717148E+01
1.309470101E+01  5.475640488E+01
1.311399440E+01  6.670179749E+01
1.313328780E+01  7.944406891E+01
1.315258120E+01  9.564198303E+01
1.317187460E+01  1.139677429E+02
1.319116800E+01  1.332299957E+02
1.321046140E+01  1.524019775E+02
1.322975479E+01  1.739195557E+02
1.324904819E+01  1.988191681E+02
1.326834159E+01  2.226538391E+02
1.328763499E+01  2.469397278E+02
1.330692839E+01  2.704881287E+02
1.332622179E+01  2.925686035E+02
1.334551518E+01  3.115685425E+02
1.336480858E+01  3.271014709E+02
1.338410198E+01  3.400246582E+02
1.340339538E+01  3.482945557E+02
1.342268878E+01  3.530052795E+02
1.344198218E+01  3.505310669E+02
1.346127557E+01  3.447484436E+02
1.348056897E+01  3.349456177E+02
1.349986237E+01  3.193747253E+02
1.351915577E+01  3.023383484E+02
1.353844917E+01  2.847343750E+02
1.355774257E+01  2.658587646E+02
1.357703596E+01  2.461964264E+02
1.359632936E+01  2.220533905E+02
1.361562276E+01  1.985397491E+02
1.363491616E+01  1.753536682E+02
1.365420956E+01  1.559469147E+02
1.367350296E+01  1.365990448E+02
1.369279635E+01  1.214616241E+02
1.371208975E+01  1.080836029E+02
1.373138315E+01  9.604875183E+01
1.375067655E+01  8.727256012E+01
1.376996995E+01  8.034108734E+01
1.378926335E+01  7.567429352E+01
1.380855674E+01  7.120063019E+01
1.382785014E+01  6.764091492E+01
1.384714354E+01  6.725643158E+01
1.386643694E+01  7.083061981E+01
1.388573034E+01  7.686727905E+01
1.390502374E+01  8.382253265E+01
1.392431713E+01  9.140560913E+01
1.394361053E+01  1.014899673E+02
1.396290393E+01  1.122297668E+02
1.398219733E+01  1.247468643E+02
1.400149073E+01  1.374526062E+02
1.402078413E+01  1.518002930E+02
1.404007752E+01  1.641840210E+02
1.405937092E+01  1.898585052E+02
1.407866432E+01  2.392429047E+02
1.409795772E+01  2.950578613E+02
1.411725112E+01  3.633948059E+02
1.413654452E+01  3.792540588E+02
1.415583791E+01  4.224594421E+02
1.417513131E+01  4.278498230E+02
1.419442471E+01  4.110701599E+02
1.421371811E+01  4.031814880E+02
1.423301151E+01  3.970247803E+02
1.425230491E+01  3.947286072E+02
1.427159830E+01  4.476951599E+02
1.429089170E+01  5.201824341E+02
1.431018510E+01  6.504987793E+02
1.432947850E+01  6.909392700E+02
1.434877190E+01  7.054239502E+02
1.436806530E+01  6.934035034E+02
1.438735869E+01  6.376618042E+02
1.440665209E+01  5.397552490E+02
1.442594549E+01  4.097855225E+02
1.444523889E+01  2.981900024E+02
1.446453229E+01  2.037905884E+02
1.448382569E+01  1.439760742E+02
1.450311908E+01  1.161055069E+02
1.452241248E+01  1.298365021E+02
1.454170588E+01  1.048343201E+02
1.456099928E+01  7.012868500E+01
1.458029268E+01  5.199890900E+01
1.459958608E+01  4.240959930E+01
1.461887947E+01  3.833028412E+01
1.463817287E+01  3.534038544E+01
1.465746627E+01  3.179743195E+01
1.467675967E+01  2.407826233E+01
1.469605307E+01  1.844695663E+01
1.471534647E+01  1.164565468E+01
1.473463986E+01  7.375997066E+00
1.475393326E+01  4.597716331E+00
1.477322666E+01  4.784490108E+00
1.479252006E+01  5.973750591E+00
1.481181346E+01  7.066240788E+00
1.483110686E+01  4.129485130E+00
1.485040025E+01  -2.835612774E+00
1.486969365E+01  -9.511466980E+00
1.488898705E+01  -1.245033550E+01
1.490828045E+01  -5.459328651E+00
1.492757385E+01  3.851495028E+00
1.494686725E+01  1.090677166E+01
1.496616064E+01  9.649477959E+00
1.498545404E+01  7.515293598E+00
1.500474744E+01  6.215071201E+00
1.502404084E+01  5.996068478E+00
1.504333424E+01  4.173683167E+00
1.506262764E+01  4.149277210E+00
1.508192103E+01  3.634541035E+00
1.510121443E+01  4.753299236E+00
1.512050783E+01  4.841804504E+00
1.513980123E+01  5.594975948E+00
1.515909463E+01  5.027095318E+00
1.517838802E+01  4.345583439E+00
1.519768142E+01  2.115309715E+00
1.521697482E+01  4.034713268E+00
1.523626822E+01  5.749526024E+00
1.525556162E+01  7.732166290E+00
1.527485502E+01  8.152834892E+00
1.529414841E+01  1.029382133E+01
1.531344181E+01  1.259857845E+01
1.533273521E+01  1.383260918E+01
1.535202861E+01  1.673606110E+01
1.537132201E+01  1.895072365E+01
1.539061541E+01  2.200758362E+01
1.540990880E+01  2.302164841E+01
1.542920220E+01  2.341338348E+01
1.544849560E+01  2.255178070E+01
1.546778900E+01  2.340328598E+01
1.548708240E+01  2.609186172E+01
1.550637580E+01  2.834771729E+01
1.552566919E+01  2.761570930E+01
1.554496259E+01  2.368620491E+01
1.556425599E+01  2.118897820E+01
1.558354939E+01  1.824726677E+01
1.560284279E+01  1.622435951E+01
1.562213619E+01  1.407295513E+01
1.564142958E+01  1.281563950E+01
1.566072298E+01  1.012057114E+01
1.568001638E+01  7.234588146E+00
1.569930978E+01  5.227348328E+00
1.571860318E+01  5.011108398E+00
1.573789658E+01  3.918852091E+00
1.575718997E+01  9.496503472E-01
1.577648337E+01  -2.467664242E+00
1.579577677E+01  -2.722298622E+00
1.581507017E+01  -4.056410789E+00
1.583436357E+01  -5.562911987E+00
1.585365697E+01  -7.194497585E+00
1.587295036E+01  -7.990944862E+00
1.589224376E+01  -8.370613098E+00
1.591153716E+01  -8.213699341E+00
1.593083056E+01  -8.142019272E+00
1.595012396E+01  -7.668183804E+00
1.596941736E+01  -7.633339405E+00
1.598871075E+01  -4.898821354E+00
1.600800415E+01  -2.944544315E+00
1.602729755E+01  -6.158306003E-01
1.604659095E+01  1.065308928E+00
1.606588435E+01  4.845484734E+00
1.608517775E+01  8.178156853E+00
1.610447114E+01  1.178564739E+01
1.612376454E+01  1.321601486E+01
1.614305794E+01  1.512967873E+01
1.616235134E+01  1.681796455E+01
1.618164474E+01  1.889304543E+01
1.620093814E+01  1.724618530E+01
1.622023153E+01  1.985852814E+01
1.623952493E+01  3.307135010E+01
1.625881833E+01  4.730115509E+01
1.627811173E+01  4.405234909E+01
1.629740513E+01  5.479273605E+01
1.631669853E+01  6.176916504E+01
1.633599192E+01  5.894529724E+01
1.635528532E+01  6.637218475E+01
1.637457872E+01  8.248148346E+01
1.639387212E+01  9.060496521E+01
1.641316552E+01  1.066857071E+02
1.643245892E+01  1.193054504E+02
1.645175231E+01  1.353827667E+02
1.647104571E+01  1.574038391E+02
1.649033911E+01  2.149026337E+02
1.650963251E+01  2.858156433E+02
1.652892591E+01  3.753149109E+02
1.654821931E+01  4.499278564E+02
1.656751270E+01  5.277828369E+02
1.658680610E+01  5.995126953E+02
1.660609950E+01  6.369845581E+02
1.662539290E+01  6.360885620E+02
1.664468630E+01  6.136951904E+02
1.666397970E+01  5.754537964E+02
1.668327309E+01  4.918125916E+02
1.670256649E+01  4.043186035E+02
1.672185989E+01  3.026426697E+02
1.674115329E+01  2.186126099E+02
1.676044669E+01  1.060454712E+02
1.677974009E+01  7.752030945E+01
1.679903348E+01  1.026434097E+02
1.681832688E+01  1.126976624E+02
1.683762028E+01  1.134272614E+02
1.685691368E+01  1.074678574E+02
1.687620708E+01  1.012112885E+02
1.689550048E+01  9.512105560E+01
1.691479387E+01  8.833016205E+01
1.693408727E+01  8.390143585E+01
1.695338067E+01  8.149983978E+01
1.697267407E+01  8.025089264E+01
1.699196747E+01  8.051241302E+01
1.701126087E+01  8.183982849E+01
1.703055426E+01  8.351476288E+01
1.704984766E+01  8.690465546E+01
1.706914106E+01  9.010143280E+01
1.708843446E+01  9.123793030E+01
1.710772786E+01  9.318782806E+01
1.712702126E+01  9.485473633E+01
1.714631465E+01  9.200401306E+01
1.716560805E+01  8.931764221E+01
1.718490145E+01  8.605419922E+01
1.720419485E+01  8.198097992E+01
1.722348825E+01  7.693309021E+01
1.724278165E+01  7.323214722E+01
1.726207504E+01  7.007398987E+01
1.728136844E+01  6.507701874E+01
1.730066184E+01  6.104273605E+01
1.731995524E+01  5.748231506E+01
1.733924864E+01  5.432735062E+01
1.735854204E+01  5.063882446E+01
1.737783543E+01  4.685371399E+01
1.739712883E+01  4.331769943E+01
1.741642223E+01  3.963871384E+01
1.743571563E+01  3.451725006E+01
1.745500903E+01  2.579888153E+01
1.747430243E+01  2.076942635E+01
1.749359582E+01  2.258733368E+01
1.751288922E+01  2.782837677E+01
1.753218262E+01  2.923638153E+01
1.755147602E+01  2.536216354E+01
1.757076942E+01  2.120489311E+01
1.759006282E+01  1.666766357E+01
1.760935621E+01  1.288856316E+01
1.762864961E+01  9.502392769E+00
1.764794301E+01  4.841119289E+00
1.766723641E+01  5.759712458E-01
1.768652981E+01  -4.545985222E+00
1.770582321E+01  -7.781426907E+00
1.772511660E+01  -9.750878334E+00
1.774441000E+01  -9.871809959E+00
1.776370340E+01  -9.895746231E+00
1.778299680E+01  -9.017144203E+00
1.780229020E+01  -7.247663021E+00
1.782158360E+01  -5.979146957E+00
1.784087699E+01  -3.919660330E+00
1.786017039E+01  -3.266388476E-01
1.787946379E+01  3.845403194E+00
1.789875719E+01  7.102588654E+00
1.791805059E+01  1.339751625E+01
1.793734398E+01  2.076036263E+01
1.795663738E+01  2.842046165E+01
1.797593078E+01  3.530678940E+01
1.799522418E+01  4.328306198E+01
1.801451758E+01  5.196439743E+01
1.803381098E+01  6.019678879E+01
1.805310437E+01  6.620089722E+01
1.807239777E+01  7.228762817E+01
1.809169117E+01  7.840036011E+01
1.811098457E+01  8.512835693E+01
1.813027797E+01  9.133811188E+01
1.814957137E+01  9.754787445E+01
1.816886476E+01  1.018448257E+02
1.818815816E+01  1.047811127E+02
1.820745156E+01  1.104819565E+02
1.822674496E+01  1.181271362E+02
1.824603836E+01  1.236652756E+02
1.826533176E+01  1.293165588E+02
1.828462515E+01  1.355021362E+02
1.830391855E+01  1.439078522E+02
1.832321195E+01  1.508231049E+02
1.834250535E+01  1.568524780E+02
1.836179875E+01  1.621071625E+02
1.838109215E+01  1.693514252E+02
1.840038554E+01  1.753756104E+02
1.841967894E+01  1.796607208E+02
1.843897234E+01  1.855341644E+02
1.845826574E+01  1.884558258E+02
1.847755914E+01  1.936184845E+02
1.849685254E+01  1.988471069E+02
1.851614593E+01  2.047471466E+02
1.853543933E+01  2.087093201E+02
1.855473273E+01  2.146723328E+02
1.857402613E+01  2.204624939E+02
1.859331953E+01  2.281713257E+02
1.861261293E+01  2.356880798E+02
1.863190632E+01  2.412749176E+02
1.865119972E+01  2.428508148E+02
1.867049312E+01  2.454190674E+02
1.868978652E+01  2.516753998E+02
1.870907992E+01  2.583473816E+02
1.872837332E+01  2.653071289E+02
1.874766671E+01  2.688352966E+02
1.876696011E+01  2.734152222E+02
1.878625351E+01  2.756142883E+02
1.880554691E+01  2.815880127E+02
1.882484031E+01  2.849231262E+02
1.884413371E+01  2.888462830E+02
1.886342710E+01  2.888168945E+02
1.888272050E+01  2.891512756E+02
1.890201390E+01  2.883445129E+02
1.892130730E+01  2.866732178E+02
1.894060070E+01  2.829147949E+02
1.895989410E+01  2.765561829E+02
1.897918749E+01  2.676428528E+02
1.899848089E+01  2.613693848E+02
1.901777429E+01  2.527347717E+02
1.903706769E+01  2.425430145E+02
1.905636109E+01  2.281147614E+02
1.907565449E+01  2.148432617E+02
1.909494788E+01  2.014870758E+02
1.911424128E+01  1.902938232E+02
1.913353468E+01  1.782107086E+02
1.915282808E+01  1.642438660E+02
1.917212148E+01  1.490440521E+02
1.919141488E+01  1.364117889E+02
1.921070827E+01  1.243142242E+02
1.923000167E+01  1.122423553E+02
1.924929507E+01  1.016772614E+02
1.926858847E+01  9.119955444E+01
1.928788187E+01  8.309631348E+01
1.930717527E+01  7.548412323E+01
1.932646866E+01  6.908618927E+01
1.934576206E+01  6.090740967E+01
1.936505546E+01  5.348437500E+01
1.938434886E+01  4.610681915E+01
1.940364226E+01  3.973607254E+01
1.942293566E+01  3.334078979E+01
1.944222905E+01  2.860567856E+01
1.946152245E+01  2.558532906E+01
1.948081585E+01  2.122229004E+01
1.950010925E+01  1.653530693E+01
1.951940265E+01  1.370428944E+01
1.953869605E+01  1.388283253E+01
1.955798944E+01  1.301925659E+01
1.957728284E+01  1.195013142E+01
1.959657624E+01  1.095813751E+01
1.961586964E+01  1.066050911E+01
1.963516304E+01  1.011499310E+01
1.965445644E+01  1.020047474E+01
1.967374983E+01  8.553015709E+00
1.969304323E+01  9.118353844E+00
1.971233663E+01  8.570850372E+00
1.973163003E+01  9.315449715E+00
1.975092343E+01  1.082167053E+01
1.977021683E+01  1.202179813E+01
1.978951022E+01  1.273349857E+01
1.980880362E+01  1.233487320E+01
1.982809702E+01  1.305473614E+01
1.984739042E+01  1.298946953E+01
1.986668382E+01  1.445726967E+01
1.988597722E+01  1.507041550E+01
1.990527061E+01  1.200601673E+01
1.992456401E+01  9.735023499E+00
1.994385741E+01  1.037744522E+01
1.996315081E+01  9.025350571E+00
1.998244421E+01  8.119087219E+00
2.000173761E+01  6.558117867E+00
2.002103100E+01  6.762053490E+00
2.004032440E+01  3.256100416E+00
2.005961780E+01  9.869758487E-01
2.007891120E+01  -1.797823757E-01
2.009820460E+01  -7.269085050E-01
2.011749800E+01  -3.389221907E+00
2.013679139E+01  -5.708074570E+00
2.015608479E+01  -6.468854904E+00
2.017537819E+01  -6.346990585E+00
2.019467159E+01  -6.417716980E+00
2.021396499E+01  -6.386064053E+00
2.023325839E+01  -6.440133095E+00
2.025255178E+01  -7.728395462E+00
2.027184518E+01  -8.198324203E+00
2.029113858E+01  -8.024130821E+00
2.031043198E+01  -5.747642517E+00
2.032972538E+01  -5.147690296E+00
2.034901878E+01  -4.364628792E+00
2.036831217E+01  -4.090281487E+00
2.038760557E+01  -1.319899917E+00
2.040689897E+01  1.696170807E+00
2.042619237E+01  2.902681828E+00
2.044548577E+01  3.910666227E+00
2.046477917E+01  5.023313522E+00
2.048407256E+01  6.660769939E+00
2.050336596E+01  8.728296280E+00
2.052265936E+01  1.104692650E+01
2.054195276E+01  1.345893764E+01
2.056124616E+01  1.715620613E+01
2.058053955E+01  2.052274132E+01
2.059983295E+01  2.221768188E+01
2.061912635E+01  2.545508766E+01
2.063841975E+01  2.921193504E+01
2.065771315E+01  3.239437485E+01
2.067700655E+01  3.459603119E+01
2.069629994E+01  3.689366531E+01
2.071559334E+01  3.895627975E+01
2.073488674E+01  4.167917252E+01
2.075418014E+01  4.391512299E+01
2.077347354E+01  4.566580582E+01
2.079276694E+01  4.707201767E+01
2.081206033E+01  4.874131012E+01
2.083135373E+01  5.163349915E+01
2.085064713E+01  5.375156784E+01
2.086994053E+01  5.293806839E+01
2.088923393E+01  5.280480194E+01
2.090852733E+01  5.250771332E+01
2.092782072E+01  5.257136154E+01
2.094711412E+01  5.331032181E+01
2.096640752E+01  5.393975449E+01
2.098570092E+01  5.247385788E+01
2.100499432E+01  5.146195602E+01
2.102428772E+01  5.113522339E+01
2.104358111E+01  5.193061447E+01
2.106287451E+01  5.073378372E+01
2.108216791E+01  4.853264999E+01
2.110146131E+01  4.374210739E+01
2.112075471E+01  4.128361511E+01
2.114004811E+01  4.204565811E+01
2.115934150E+01  4.219427490E+01
2.117863490E+01  3.984983444E+01
2.119792830E+01  3.523645782E+01
2.121722170E+01  3.226670837E+01
2.123651510E+01  2.849938393E+01
2.125580850E+01  2.635606956E+01
2.127510189E+01  2.351857948E+01
2.129439529E+01  2.052615166E+01
2.131368869E+01  1.752958107E+01
2.133298209E+01  1.535910892E+01
2.135227549E+01  1.368895912E+01
2.137156889E+01  1.330639362E+01
2.139086228E+01  1.172303772E+01
2.141015568E+01  8.825517654E+00
2.142944908E+01  5.530489922E+00
2.144874248E+01  2.287818193E+00
2.146803588E+01  7.539130449E-01
2.148732928E+01  2.343600094E-01
2.150662267E+01  -1.323891282E+00
2.152591607E+01  -1.438971877E+00
2.154520947E+01  -1.157325029E+00
2.156450287E+01  4.411679208E-01
2.158379627E+01  -5.014411807E-01
2.160308967E+01  -9.868890047E-01
2.162238306E+01  -3.147272587E+00
2.164167646E+01  -2.999931335E+00
2.166096986E+01  8.868535608E-02
2.168026326E+01  5.363224506E+00
2.169955666E+01  7.232895374E+00
2.171885006E+01  8.142564774E+00
2.173814345E+01  8.205568314E+00
2.175743685E+01  9.418313026E+00
2.177673025E+01  1.026915836E+01
2.179602365E+01  1.141762257E+01
2.181531705E+01  1.268192387E+01
2.183461045E+01  1.522917461E+01
2.185390384E+01  1.607610512E+01
2.187319724E+01  1.713740921E+01
2.189249064E+01  2.133975410E+01
2.191178404E+01  2.574434280E+01
2.193107744E+01  2.876419449E+01
2.195037084E+01  2.861849213E+01
2.196966423E+01  2.915509224E+01
2.198895763E+01  2.997723389E+01
2.200825103E+01  3.404046249E+01
2.202754443E+01  3.833914948E+01
2.204683783E+01  4.346753311E+01
2.206613123E+01  4.727327728E+01
2.208542462E+01  4.980058670E+01
2.210471802E+01  5.318547821E+01
2.212401142E+01  5.756152725E+01
2.214330482E+01  6.270759201E+01
2.216259822E+01  6.561566925E+01
2.218189162E+01  6.792740631E+01
2.220118501E+01  7.193488312E+01
2.222047841E+01  7.658493042E+01
2.223977181E+01  7.924360657E+01
2.225906521E+01  7.936777496E+01
2.227835861E+01  7.951564026E+01
2.229765201E+01  8.057376862E+01
2.231694540E+01  8.297268677E+01
2.233623880E+01  8.331893158E+01
2.235553220E+01  8.443634033E+01
2.237482560E+01  8.459552765E+01
2.239411900E+01  8.358079529E+01
2.241341240E+01  8.103041840E+01
2.243270579E+01  7.807122040E+01
2.245199919E+01  7.291107178E+01
2.247129259E+01  6.965065765E+01
2.249058599E+01  6.724394226E+01
2.250987939E+01  6.438511658E+01
2.252917279E+01  6.210672379E+01
2.254846618E+01  5.917985153E+01
2.256775958E+01  5.822542572E+01
2.258705298E+01  5.669418716E+01
2.260634638E+01  5.306104660E+01
2.262563978E+01  4.880699158E+01
2.264493318E+01  4.630339050E+01
2.266422657E+01  4.476021194E+01
2.268351997E+01  4.353389359E+01
2.270281337E+01  4.279505920E+01
2.272210677E+01  4.043086624E+01
2.274140017E+01  3.946004486E+01
2.276069357E+01  4.035857391E+01
2.277998696E+01  4.199596024E+01
2.279928036E+01  4.257151794E+01
2.281857376E+01  4.210021210E+01
2.283786716E+01  4.435893250E+01
2.285716056E+01  4.706374741E+01
2.287645396E+01  4.828592300E+01
2.289574735E+01  4.982812500E+01
2.291504075E+01  5.272760773E+01
2.293433415E+01  5.542100906E+01
2.295362755E+01  5.803876114E+01
2.297292095E+01  5.826913071E+01
2.299221435E+01  5.930913162E+01
2.301150774E+01  5.837257004E+01
2.303080114E+01  5.913171768E+01
2.305009454E+01  6.359840393E+01
2.306938794E+01  7.322605133E+01
2.308868134E+01  7.820487976E+01
2.310797474E+01  7.918328857E+01
2.312726813E+01  8.225302124E+01
2.314656153E+01  8.905995178E+01
2.316585493E+01  9.563639832E+01
2.318514833E+01  9.492796326E+01
2.320444173E+01  8.703255463E+01
2.322373512E+01  6.958881378E+01
2.324302852E+01  4.684030914E+01
2.326232192E+01  4.600543594E+01
2.328161532E+01  4.570904160E+01
2.330090872E+01  4.789112091E+01
2.332020212E+01  5.099017715E+01
2.333949551E+01  4.759212875E+01
2.335878891E+01  5.085465622E+01
2.337808231E+01  6.325693130E+01
2.339737571E+01  7.088187408E+01
2.341666911E+01  7.760191345E+01
2.343596251E+01  8.078189850E+01
2.345525590E+01  1.004646454E+02
2.347454930E+01  1.234107056E+02
2.349384270E+01  1.494309235E+02
2.351313610E+01  1.823415222E+02
2.353242950E+01  2.095321503E+02
2.355172290E+01  2.387465057E+02
2.357101629E+01  2.549118500E+02
2.359030969E+01  2.573546143E+02
2.360960309E+01  2.363563080E+02
2.362889649E+01  2.118224945E+02
2.364818989E+01  1.786889801E+02
2.366748329E+01  1.592109222E+02
2.368677668E+01  1.469643250E+02
2.370607008E+01  1.299711914E+02
2.372536348E+01  1.159071426E+02
2.374465688E+01  9.792388916E+01
2.376395028E+01  8.281742096E+01
2.378324368E+01  6.004710007E+01
2.380253707E+01  4.226370239E+01
2.382183047E+01  2.928135109E+01
2.384112387E+01  2.191127014E+01
2.386041727E+01  1.704623604E+01
2.387971067E+01  1.458711243E+01
2.389900407E+01  1.227339935E+01
2.391829746E+01  7.837783813E+00
2.393759086E+01  5.712924004E+00
2.395688426E+01  3.547071934E+00
2.397617766E+01  2.171848059E+00
2.399547106E+01  5.619551539E-01
2.401476446E+01  7.006559968E-01
2.403405785E+01  9.003285170E-01
2.405335125E+01  2.519505024E+00
2.407264465E+01  2.416971207E+00
2.409193805E+01  2.800398111E+00
2.411123145E+01  2.447041750E+00
2.413052485E+01  2.124883890E+00
2.414981824E+01  5.352573991E-01
2.416911164E+01  -6.771476865E-01
2.418840504E+01  1.700714469E+00
2.420769844E+01  6.094773769E+00
2.422699184E+01  8.584272385E+00
2.424628524E+01  9.566311836E+00
2.426557863E+01  8.480216026E+00
2.428487203E+01  7.287757874E+00
2.430416543E+01  6.033453465E+00
2.432345883E+01  7.316488743E+00
2.434275223E+01  8.129828453E+00
2.436204563E+01  6.704696655E+00
2.438133902E+01  2.880937576E+00
2.440063242E+01  4.041335285E-01
2.441992582E+01  -1.994805455E+00
2.443921922E+01  -7.800616026E-01
2.445851262E+01  4.857705534E-01
2.447780602E+01  1.882407308E+00
2.449709941E+01  2.815714359E+00
2.451639281E+01  2.269661903E+00
2.453568621E+01  2.986257315E+00
2.455497961E+01  2.627168655E+00
2.457427301E+01  1.567672610E+00
2.459356641E+01  -2.102770060E-01
2.461285980E+01  4.019745290E-01
2.463215320E+01  6.405180693E-01
2.465144660E+01  1.801746249E+00
2.467074000E+01  2.311937571E+00
2.469003340E+01  9.948390126E-01
2.470932680E+01  -8.182211518E-01
2.472862019E+01  -4.467673227E-02
2.474791359E+01  2.486196280E+00
2.476720699E+01  2.803304434E+00
2.478650039E+01  1.494182110E+00
2.480579379E+01  1.134440422E+00
2.482508719E+01  3.329276800E+00
2.484438058E+01  3.217631578E+00
2.486367398E+01  7.033742964E-02
2.488296738E+01  -2.598789692E+00
2.490226078E+01  -1.919176936E+00
2.492155418E+01  2.013025761E+00
2.494084758E+01  1.793396711E+00
2.496014097E+01  4.516803920E-01
2.497943437E+01  1.632943034E+00
2.499872777E+01  2.806073427E+00
2.501802117E+01  4.546745777E+00
2.503731457E+01  5.330878735E+00
2.505660797E+01  5.460421562E+00
2.507590136E+01  4.364623547E+00
2.509519476E+01  2.152526855E+00
2.511448816E+01  2.099783897E+00
2.513378156E+01  5.042456150E+00
2.515307496E+01  7.079894543E+00
2.517236836E+01  7.809846401E+00
2.519166175E+01  6.412437916E+00
2.521095515E+01  2.544701815E+00
2.523024855E+01  -6.579592824E-01
2.524954195E+01  8.521435410E-02
2.526883535E+01  4.410784721E+00
2.528812875E+01  5.019606590E+00
2.530742214E+01  4.462223053E+00
2.532671554E+01  4.409853458E+00
2.534600894E+01  3.474944830E+00
2.536530234E+01  3.045147419E+00
2.538459574E+01  3.103132248E+00
2.540388914E+01  5.841083050E+00
2.542318253E+01  6.550581932E+00
2.544247593E+01  3.460976601E+00
2.546176933E+01  2.766474247E+00
2.548106273E+01  3.305816650E+00
2.550035613E+01  6.197770119E+00
2.551964953E+01  4.091603756E+00
2.553894292E+01  2.598477602E+00
2.555823632E+01  3.037770033E+00
2.557752972E+01  3.652157307E+00
2.559682312E+01  3.791199446E+00
2.561611652E+01  1.426222920E+00
2.563540992E+01  -4.141381681E-01
2.565470331E+01  -4.701223373E-01
2.567399671E+01  -1.082145333E+00
2.569329011E+01  -1.632456541E+00
2.571258351E+01  -1.155006886E+00
2.573187691E+01  -1.621129662E-01
2.575117031E+01  2.828439713E+00
2.577046370E+01  5.062682629E+00
2.578975710E+01  8.517746925E+00
2.580905050E+01  9.862800598E+00
2.582834390E+01  1.194977570E+01
2.584763730E+01  9.758919716E+00
2.586693070E+01  1.024524117E+01
2.588622409E+01  1.116419220E+01
2.590551749E+01  9.858052254E+00
2.592481089E+01  8.634595871E+00
2.594410429E+01  1.099927807E+01
2.596339769E+01  1.900387192E+01
2.598269108E+01  2.387855911E+01
2.600198448E+01  2.557319832E+01
2.602127788E+01  2.476172638E+01
2.604057128E+01  2.546009445E+01
2.605986468E+01  2.518667412E+01
2.607915808E+01  2.817345047E+01
2.609845147E+01  3.078668594E+01
2.611774487E+01  3.364412308E+01
2.613703827E+01  4.025292969E+01
2.615633167E+01  4.738251877E+01
2.617562507E+01  5.319321442E+01
2.619491847E+01  5.923992157E+01
2.621421186E+01  6.291624069E+01
2.623350526E+01  6.327721405E+01
2.625279866E+01  6.074808884E+01
2.627209206E+01  6.022049713E+01
2.629138546E+01  5.980198669E+01
2.631067886E+01  5.949351883E+01
2.632997225E+01  5.620899200E+01
2.634926565E+01  4.863290787E+01
2.636855905E+01  4.337663651E+01
2.638785245E+01  4.100599289E+01
2.640714585E+01  4.184153366E+01
2.642643925E+01  4.248563766E+01
2.644573264E+01  4.068580246E+01
2.646502604E+01  4.025357437E+01
2.648431944E+01  4.162483978E+01
2.650361284E+01  4.379243469E+01
2.652290624E+01  4.488938904E+01
2.654219964E+01  4.545405579E+01
2.656149303E+01  4.642177963E+01
2.658078643E+01  4.559097290E+01
2.660007983E+01  4.819924927E+01
2.661937323E+01  5.237703705E+01
2.663866663E+01  5.460142136E+01
2.665796003E+01  5.679426575E+01
2.667725342E+01  5.977703476E+01
2.669654682E+01  6.249514008E+01
2.671584022E+01  6.461266327E+01
2.673513362E+01  6.689000702E+01
2.675442702E+01  7.275543976E+01
2.677372042E+01  7.371303558E+01
2.679301381E+01  7.236728668E+01
2.681230721E+01  7.303351593E+01
2.683160061E+01  7.801268768E+01
2.685089401E+01  8.133586884E+01
2.687018741E+01  8.311547852E+01
2.688948081E+01  8.665273285E+01
2.690877420E+01  9.139957428E+01
2.692806760E+01  9.394912720E+01
2.694736100E+01  9.641584015E+01
2.696665440E+01  9.859931946E+01
2.698594780E+01  1.033021774E+02
2.700524120E+01  1.039612122E+02
2.702453459E+01  1.072056885E+02
2.704382799E+01  1.089912033E+02
2.706312139E+01  1.109341660E+02
2.708241479E+01  1.100280991E+02
2.710170819E+01  1.091356277E+02
2.712100159E+01  1.047404480E+02
2.714029498E+01  1.027969666E+02
2.715958838E+01  1.049649200E+02
2.717888178E+01  1.054531708E+02
2.719817518E+01  1.040514603E+02
2.721746858E+01  1.058931351E+02
2.723676198E+01  1.086914749E+02
2.725605537E+01  1.089978104E+02
2.727534877E+01  1.074424591E+02
2.729464217E+01  1.050809708E+02
2.731393557E+01  1.063311539E+02
2.733322897E+01  1.029430161E+02
2.735252237E+01  8.806916046E+01
2.737181576E+01  6.056279373E+01
2.739110916E+01  3.186185265E+01
2.741040256E+01  3.468327713E+01
2.742969596E+01  4.320344162E+01
2.744898936E+01  4.348980331E+01
2.746828276E+01  3.577698517E+01
2.748757615E+01  4.066209030E+01
2.750686955E+01  5.473651123E+01
2.752616295E+01  6.849312592E+01
2.754545635E+01  8.356212616E+01
2.756474975E+01  1.032307358E+02
2.758404315E+01  1.309134369E+02
2.760333654E+01  1.644997559E+02
2.762262994E+01  2.134236755E+02
2.764192334E+01  2.709276733E+02
2.766121674E+01  3.367088928E+02
2.768051014E+01  4.001619568E+02
2.769980354E+01  4.570295410E+02
2.771909693E+01  4.879070129E+02
2.773839033E+01  5.023161926E+02
2.775768373E+01  4.845373840E+02
2.777697713E+01  4.900557251E+02
2.779627053E+01  5.271304321E+02
2.781556393E+01  5.284983521E+02
2.783485732E+01  4.759810181E+02
2.785415072E+01  4.126608582E+02
2.787344412E+01  3.543465271E+02
2.789273752E+01  2.940834351E+02
2.791203092E+01  2.311824646E+02
2.793132432E+01  1.825910797E+02
2.795061771E+01  1.425594482E+02
2.796991111E+01  1.141731949E+02
2.798920451E+01  9.647320557E+01
2.800849791E+01  8.436911774E+01
2.802779131E+01  7.249250031E+01
2.804708471E+01  6.173178101E+01
2.806637810E+01  5.326772690E+01
2.808567150E+01  4.162551117E+01
2.810496490E+01  3.357395172E+01
2.812425830E+01  3.177205086E+01
2.814355170E+01  2.992482185E+01
2.816284510E+01  2.884633255E+01
2.818213849E+01  3.091409302E+01
2.820143189E+01  3.307740021E+01
2.822072529E+01  2.781317329E+01
2.824001869E+01  2.902538300E+01
2.825931209E+01  2.965297127E+01
2.827860549E+01  2.612100410E+01
2.829789888E+01  2.296467209E+01
2.831719228E+01  2.290493965E+01
2.833648568E+01  2.778768539E+01
2.835577908E+01  3.034804916E+01
2.837507248E+01  2.799256134E+01
2.839436588E+01  2.554783058E+01
2.841365927E+01  3.004997826E+01
2.843295267E+01  3.073622894E+01
2.845224607E+01  2.574545860E+01
2.847153947E+01  2.284658623E+01
2.849083287E+01  2.646139336E+01
2.851012627E+01  2.962192154E+01
2.852941966E+01  3.156605339E+01
2.854871306E+01  3.114879799E+01
2.856800646E+01  3.031459999E+01
2.858729986E+01  3.299426270E+01
2.860659326E+01  3.491521072E+01
2.862588665E+01  3.500868607E+01
2.864518005E+01  3.275941849E+01
2.866447345E+01  3.465047455E+01
2.868376685E+01  3.658353424E+01
2.870306025E+01  4.151013565E+01
2.872235365E+01  4.530585098E+01
2.874164704E+01  4.649853516E+01
2.876094044E+01  4.850391006E+01
2.878023384E+01  5.274423218E+01
2.879952724E+01  5.694912338E+01
2.881882064E+01  6.355476761E+01
2.883811404E+01  7.407825470E+01
2.885740743E+01  8.754483795E+01
2.887670083E+01  1.051425095E+02
2.889599423E+01  1.303923492E+02
2.891528763E+01  1.549600067E+02
2.893458103E+01  1.829714355E+02
2.895387443E+01  2.086130066E+02
2.897316782E+01  2.307779236E+02
2.899246122E+01  2.490598755E+02
2.901175462E+01  2.670885010E+02
2.903104802E+01  2.692998962E+02
2.905034142E+01  2.520574036E+02
2.906963482E+01  2.224469299E+02
2.908892821E+01  1.845336761E+02
2.910822161E+01  1.559991302E+02
2.912751501E+01  1.312944031E+02
2.914680841E+01  1.090342560E+02
2.916610181E+01  8.595815277E+01
2.918539521E+01  6.564643860E+01
2.920468860E+01  4.808744431E+01
2.922398200E+01  3.487719345E+01
2.924327540E+01  3.057304192E+01
2.926256880E+01  2.864484215E+01
2.928186220E+01  2.339634323E+01
2.930115560E+01  2.516128159E+01
2.932044899E+01  1.853766441E+01
2.933974239E+01  1.408722019E+01
2.935903579E+01  1.261037254E+01
2.937832919E+01  1.773053741E+01
2.939762259E+01  2.001586151E+01
2.941691599E+01  2.016822433E+01
2.943620938E+01  2.202700615E+01
2.945550278E+01  2.006736565E+01
2.947479618E+01  5.119089127E+00
2.949408958E+01  -5.694389343E+00
2.951338298E+01  -2.993360758E+00
2.953267638E+01  5.709018707E+00
2.955196977E+01  1.088903397E-01
2.957126317E+01  -8.098321915E+00
2.959055657E+01  8.536364883E-02
2.960984997E+01  9.703720093E+00
2.962914337E+01  6.690846443E+00
2.964843677E+01  -1.594699860E+00
2.966773016E+01  -5.456737995E+00
2.968702356E+01  -2.894635677E+00
2.970631696E+01  -3.721560240E-01
2.972561036E+01  2.726311207E+00
2.974490376E+01  -3.745566607E-01
