4.314353516E+00  5.817593575E+00
4.333749812E+00  7.455309868E+00
4.353146108E+00  1.076655483E+01
4.372542403E+00  1.049210262E+01
4.391938699E+00  6.174793243E+00
4.411334995E+00  4.708447456E+00
4.430731291E+00  3.158335209E+00
4.450127587E+00  1.112079859E+00
4.469523882E+00  9.662480354E-01
4.488920178E+00  -1.294753794E-02
4.508316474E+00  5.953985453E-01
4.527712770E+00  1.745780587E+00
4.547109065E+00  2.495532513E+00
4.566505361E+00  1.721794128E+00
4.585901657E+00  1.703147769E+00
4.605297953E+00  8.330487609E-01
4.624694248E+00  1.585593820E+00
4.644090544E+00  5.486879349E-01
4.663486840E+00  1.150899649E+00
4.682883136E+00  2.157970905E+00
4.702279431E+00  1.751252532E+00
4.721675727E+00  2.339664102E-01
4.741072023E+00  1.607472301E+00
4.760468319E+00  3.595409870E+00
4.779864614E+00  4.267556190E+00
4.799260910E+00  1.721146226E+00
4.818657206E+00  -9.144904613E-01
4.838053502E+00  2.767711580E-01
4.857449797E+00  1.115634918E+00
4.876846093E+00  3.748183489E+00
4.896242389E+00  6.315971851E+00
4.915638685E+00  8.292644501E+00
4.935034981E+00  9.576417923E+00
4.954431276E+00  9.702444077E+00
4.973827572E+00  8.297115326E+00
4.993223868E+00  5.963265419E+00
5.012620164E+00  5.518149376E+00
5.032016459E+00  5.358357906E+00
5.051412755E+00  2.579846621E+00
5.070809051E+00  4.143476486E-01
5.090205347E+00  -7.556209564E-01
5.109601642E+00  2.053896487E-01
5.128997938E+00  8.597820997E-02
5.148394234E+00  -4.046256840E-02
5.167790530E+00  2.260945082E+00
5.187186825E+00  2.163039923E+00
5.206583121E+00  4.091263771E+00
5.225979417E+00  2.055177927E+00
5.245375713E+00  2.487537146E+00
5.264772008E+00  8.116161823E-01
5.284168304E+00  -9.023587704E-01
5.303564600E+00  -3.119292736E+00
5.322960896E+00  -2.689156532E+00
5.342357191E+00  1.186251760E+00
5.361753487E+00  2.219087362E+00
5.381149783E+00  5.301846504E+00
5.400546079E+00  4.966385365E+00
5.419942375E+00  6.746869087E+00
5.439338670E+00  5.378178596E+00
5.458734966E+00  4.070855618E+00
5.478131262E+00  4.270434856E+00
5.497527558E+00  5.015413761E+00
5.516923853E+00  5.397525787E+00
5.536320149E+00  8.440237045E+00
5.555716445E+00  1.003669930E+01
5.575112741E+00  1.091676331E+01
5.594509036E+00  7.827747822E+00
5.613905332E+00  6.161263943E+00
5.633301628E+00  6.634609699E+00
5.652697924E+00  7.264652729E+00
5.672094219E+00  6.110155582E+00
5.691490515E+00  5.104558468E+00
5.710886811E+00  3.468600273E+00
5.730283107E+00  4.313863277E+00
5.749679402E+00  4.347394943E+00
5.769075698E+00  3.707802057E+00
5.788471994E+00  1.942700744E+00
5.807868290E+00  -2.843372822E-01
5.827264585E+00  -1.914453626E+00
5.846660881E+00  -1.397155881E+00
5.866057177E+00  -3.606968224E-01
5.885453473E+00  2.820328712E+00
5.904849769E+00  3.882674932E+00
5.924246064E+00  4.867583752E+00
5.943642360E+00  4.603468895E+00
5.963038656E+00  4.792356491E+00
5.982434952E+00  4.666391373E+00
6.001831247E+00  4.241137028E+00
6.021227543E+00  5.248564243E+00
6.040623839E+00  6.645471096E+00
6.060020135E+00  6.143021107E+00
6.079416430E+00  5.038885593E+00
6.098812726E+00  4.491648674E+00
6.118209022E+00  4.435343742E+00
6.137605318E+00  4.930755615E+00
6.157001613E+00  5.454344273E+00
6.176397909E+00  6.811920643E+00
6.195794205E+00  3.977863073E+00
6.215190501E+00  1.923828721E+00
6.234586796E+00  1.513756990E+00
6.253983092E+00  4.664248466E+00
6.273379388E+00  4.963566303E+00
6.292775684E+00  5.017077446E+00
6.312171979E+00  4.550264359E+00
6.331568275E+00  4.932150364E+00
6.350964571E+00  4.804194450E+00
6.370360867E+00  5.018025398E+00
6.389757163E+00  4.819885254E+00
6.409153458E+00  5.549355507E+00
6.428549754E+00  3.808790445E+00
6.447946050E+00  5.780334473E+00
6.467342346E+00  3.510960817E+00
6.486738641E+00  2.055058241E+00
6.506134937E+00  -4.838141799E-01
6.525531233E+00  7.764565945E-01
6.544927529E+00  2.329069376E+00
6.564323824E+00  1.528203011E+00
6.583720120E+00  5.581481457E-01
6.603116416E+00  1.916114688E+00
6.622512712E+00  3.447894573E+00
6.641909007E+00  2.945415974E+00
6.661305303E+00  1.766025662E+00
6.680701599E+00  3.769434690E-01
6.700097895E+00  -1.130924582E+00
6.719494190E+00  -1.070310116E+00
6.738890486E+00  -2.526567578E-01
6.758286782E+00  1.553302556E-01
6.777683078E+00  -3.138553724E-02
6.797079373E+00  -1.164350271E+00
6.816475669E+00  -1.419321060E+00
6.835871965E+00  -2.333888561E-01
6.855268261E+00  5.973757505E-01
6.874664557E+00  -9.044581056E-01
6.894060852E+00  -3.240676522E-01
6.913457148E+00  -5.137965083E-01
6.932853444E+00  6.291365027E-01
6.952249740E+00  2.786033452E-01
6.971646035E+00  1.411619782E+00
6.991042331E+00  3.141348600E+00
7.010438627E+00  3.728567362E+00
7.029834923E+00  1.618037581E+00
7.049231218E+00  -3.032048941E-01
7.068627514E+00  -3.654892743E-02
7.088023810E+00  1.106914282E+00
7.107420106E+00  1.099273443E+00
7.126816401E+00  1.847882509E+00
7.146212697E+00  3.129183531E+00
7.165608993E+00  2.914375067E+00
7.185005289E+00  2.423717976E+00
7.204401584E+00  2.735284090E+00
7.223797880E+00  3.742216349E+00
7.243194176E+00  2.507328987E+00
7.262590472E+00  1.970855594E+00
7.281986767E+00  5.346651077E-01
7.301383063E+00  9.479906559E-01
7.320779359E+00  3.782192767E-01
7.340175655E+00  7.482838035E-01
7.359571951E+00  3.225911558E-01
7.378968246E+00  -1.872719079E-01
7.398364542E+00  1.362562180E+00
7.417760838E+00  1.245991349E+00
7.437157134E+00  1.311521053E+00
7.456553429E+00  1.082397550E-01
7.475949725E+00  -1.236984015E+00
7.495346021E+00  -1.186491609E+00
7.514742317E+00  -4.141453207E-01
7.534138612E+00  1.048924565E+00
7.553534908E+00  -1.038945556E+00
7.572931204E+00  -1.352113008E+00
7.592327500E+00  -6.499634981E-01
7.611723795E+00  4.103542566E-01
7.631120091E+00  4.333633184E-01
7.650516387E+00  -8.055500984E-01
7.669912683E+00  -2.097339630E-01
7.689308978E+00  -2.105397940E+00
7.708705274E+00  -1.216698527E+00
7.728101570E+00  -1.202346087E+00
7.747497866E+00  -9.402602315E-01
7.766894161E+00  8.335278034E-01
7.786290457E+00  1.322983265E+00
7.805686753E+00  1.990928411E+00
7.825083049E+00  -3.996862769E-01
7.844479345E+00  -7.010542750E-01
7.863875640E+00  -2.992037237E-01
7.883271936E+00  8.205637336E-02
7.902668232E+00  1.312785029E+00
7.922064528E+00  1.613263845E+00
7.941460823E+00  2.841599941E+00
7.960857119E+00  3.578691721E+00
7.980253415E+00  4.491024017E+00
7.999649711E+00  4.138042927E+00
8.019046006E+00  5.322009087E+00
8.038442302E+00  7.249617577E+00
8.057838598E+00  9.306164742E+00
8.077234894E+00  1.037121582E+01
8.096631189E+00  1.171264458E+01
8.116027485E+00  1.425151825E+01
8.135423781E+00  1.593562126E+01
8.154820077E+00  1.739521027E+01
8.174216372E+00  1.899036598E+01
8.193612668E+00  1.899603462E+01
8.213008964E+00  1.843991280E+01
8.232405260E+00  1.802992249E+01
8.251801555E+00  1.875770569E+01
8.271197851E+00  2.073479843E+01
8.290594147E+00  2.184983444E+01
8.309990443E+00  2.426560593E+01
8.329386739E+00  2.673789215E+01
8.348783034E+00  3.023238373E+01
8.368179330E+00  3.375035477E+01
8.387575626E+00  3.787966919E+01
8.406971922E+00  4.021566391E+01
8.426368217E+00  4.121049500E+01
8.445764513E+00  4.116556549E+01
8.465160809E+00  4.028057098E+01
8.484557105E+00  4.070793533E+01
8.503953400E+00  3.783283615E+01
8.523349696E+00  3.600242233E+01
8.542745992E+00  3.373334122E+01
8.562142288E+00  3.213628387E+01
8.581538583E+00  2.838033104E+01
8.600934879E+00  2.337239075E+01
8.620331175E+00  1.897253609E+01
8.639727471E+00  1.572664833E+01
8.659123766E+00  1.160178661E+01
8.678520062E+00  8.643157005E+00
8.697916358E+00  7.602048874E+00
8.717312654E+00  6.943893433E+00
8.736708949E+00  5.198852539E+00
8.756105245E+00  3.027011871E+00
8.775501541E+00  8.548603058E-01
8.794897837E+00  -3.143782169E-02
8.814294133E+00  -6.791499257E-01
8.833690428E+00  -1.166473627E+00
8.853086724E+00  -6.652687788E-01
8.872483020E+00  4.461624026E-01
8.891879316E+00  2.795003176E+00
8.911275611E+00  6.299826145E+00
8.930671907E+00  8.827835083E+00
8.950068203E+00  1.108965683E+01
8.969464499E+00  1.826484489E+01
8.988860794E+00  2.558515167E+01
9.008257090E+00  3.342072296E+01
9.027653386E+00  3.948544693E+01
9.047049682E+00  4.179715729E+01
9.066445977E+00  3.572211456E+01
9.085842273E+00  2.571693420E+01
9.105238569E+00  1.691261673E+01
9.124634865E+00  1.734647751E+01
9.144031160E+00  1.875270081E+01
9.163427456E+00  1.828989410E+01
9.182823752E+00  1.387825489E+01
9.202220048E+00  1.170569706E+01
9.221616343E+00  1.021687126E+01
9.241012639E+00  9.118308067E+00
9.260408935E+00  7.259776115E+00
9.279805231E+00  5.295668125E+00
9.299201527E+00  2.976027489E+00
9.318597822E+00  1.523509383E+00
9.337994118E+00  1.559900284E+00
9.357390414E+00  2.829025030E+00
9.376786710E+00  2.043430328E+00
9.396183005E+00  -9.329947233E-01
9.415579301E+00  -3.650690079E+00
9.434975597E+00  -4.616416931E+00
9.454371893E+00  -5.212935925E+00
9.473768188E+00  -4.377963066E+00
9.493164484E+00  -3.499682665E+00
9.512560780E+00  -2.558594704E+00
9.531957076E+00  -3.108478546E+00
9.551353371E+00  -2.952424288E+00
9.570749667E+00  -2.951434135E+00
9.590145963E+00  -2.621597767E+00
9.609542259E+00  -2.421700001E+00
9.628938554E+00  -1.516676843E-01
9.648334850E+00  2.404841661E+00
9.667731146E+00  4.954792976E+00
9.687127442E+00  7.657677650E+00
9.706523737E+00  9.365977287E+00
9.725920033E+00  1.533413792E+01
9.745316329E+00  2.261430550E+01
9.764712625E+00  3.085221672E+01
9.784108921E+00  3.730500031E+01
9.803505216E+00  4.631602859E+01
9.822901512E+00  5.767499542E+01
9.842297808E+00  6.981005096E+01
9.861694104E+00  8.002022552E+01
9.881090399E+00  9.096756744E+01
9.900486695E+00  1.002145081E+02
9.919882991E+00  1.074560471E+02
9.939279287E+00  1.138854141E+02
9.958675582E+00  1.171052322E+02
9.978071878E+00  1.190525360E+02
9.997468174E+00  1.172927170E+02
1.001686447E+01  1.130580902E+02
1.003626077E+01  1.063718796E+02
1.005565706E+01  9.718571472E+01
1.007505336E+01  8.870697021E+01
1.009444965E+01  7.715976715E+01
1.011384595E+01  6.631987762E+01
1.013324224E+01  5.481451797E+01
1.015263854E+01  4.617118835E+01
1.017203484E+01  3.600466156E+01
1.019143113E+01  2.820694160E+01
1.021082743E+01  2.196116257E+01
1.023022372E+01  1.699746323E+01
1.024962002E+01  1.106807137E+01
1.026901631E+01  5.284473419E+00
1.028841261E+01  3.023171902E+00
1.030780891E+01  3.949129343E+00
1.032720520E+01  4.417869091E+00
1.034660150E+01  2.481095552E+00
1.036599779E+01  1.531961799E+00
1.038539409E+01  2.491354704E+00
1.040479038E+01  6.458778858E+00
1.042418668E+01  1.151192284E+01
1.044358298E+01  1.698596382E+01
1.046297927E+01  2.004192924E+01
1.048237557E+01  2.063497162E+01
1.050177186E+01  2.232589531E+01
1.052116816E+01  2.905679703E+01
1.054056446E+01  3.945307922E+01
1.055996075E+01  4.842232513E+01
1.057935705E+01  5.597610474E+01
1.059875334E+01  6.230245590E+01
1.061814964E+01  6.949688721E+01
1.063754593E+01  7.374009705E+01
1.065694223E+01  7.875451660E+01
1.067633853E+01  8.296425629E+01
1.069573482E+01  8.886592102E+01
1.071513112E+01  9.315512848E+01
1.073452741E+01  9.848355103E+01
1.075392371E+01  1.033341827E+02
1.077332000E+01  1.098360596E+02
1.079271630E+01  1.174063034E+02
1.081211260E+01  1.237653275E+02
1.083150889E+01  1.323398438E+02
1.085090519E+01  1.410585938E+02
1.087030148E+01  1.506594238E+02
1.088969778E+01  1.617708282E+02
1.090909407E+01  1.706243896E+02
1.092849037E+01  1.797938080E+02
1.094788667E+01  1.863332214E+02
1.096728296E+01  1.912531586E+02
1.098667926E+01  1.936928558E+02
1.100607555E+01  1.931633759E+02
1.102547185E+01  1.889368286E+02
1.104486814E+01  1.804635773E+02
1.106426444E+01  1.707340546E+02
1.108366074E+01  1.592304077E+02
1.110305703E+01  1.456574707E+02
1.112245333E+01  1.305933838E+02
1.114184962E+01  1.162039566E+02
1.116124592E+01  1.028146591E+02
1.118064222E+01  8.980273438E+01
1.120003851E+01  7.653687286E+01
1.121943481E+01  6.692481995E+01
1.123883110E+01  6.031158447E+01
1.125822740E+01  5.681019592E+01
1.127762369E+01  5.547020340E+01
1.129701999E+01  5.323882675E+01
1.131641629E+01  5.271657944E+01
1.133581258E+01  5.544362640E+01
1.135520888E+01  5.781239700E+01
1.137460517E+01  6.123674011E+01
1.139400147E+01  6.566172028E+01
1.141339776E+01  7.374059296E+01
1.143279406E+01  8.269832611E+01
1.145219036E+01  9.272126007E+01
1.147158665E+01  1.027441864E+02
1.149098295E+01  1.135924835E+02
1.151037924E+01  1.256248779E+02
1.152977554E+01  1.391621857E+02
1.154917183E+01  1.512629700E+02
1.156856813E+01  1.630405884E+02
1.158796443E+01  1.726091309E+02
1.160736072E+01  1.823818817E+02
1.162675702E+01  1.895677032E+02
1.164615331E+01  1.927271881E+02
1.166554961E+01  1.924357910E+02
1.168494590E+01  1.873730621E+02
1.170434220E+01  1.770686798E+02
1.172373850E+01  1.630116272E+02
1.174313479E+01  1.484528656E+02
1.176253109E+01  1.323124390E+02
1.178192738E+01  1.178519058E+02
1.180132368E+01  1.034077148E+02
1.182071998E+01  8.874473572E+01
1.184011627E+01  7.273326874E+01
1.185951257E+01  5.859806824E+01
1.187890886E+01  4.513586807E+01
1.189830516E+01  3.645149231E+01
1.191770145E+01  3.000911522E+01
1.193709775E+01  2.586371422E+01
1.195649405E+01  2.244428635E+01
1.197589034E+01  2.015296745E+01
1.199528664E+01  1.908623505E+01
1.201468293E+01  1.707349205E+01
1.203407923E+01  1.651080322E+01
1.205347552E+01  1.614069557E+01
1.207287182E+01  1.407267094E+01
1.209226812E+01  1.184912682E+01
1.211166441E+01  1.200078773E+01
1.213106071E+01  1.277351093E+01
1.215045700E+01  1.311365223E+01
1.216985330E+01  1.322543716E+01
1.218924959E+01  1.460441685E+01
1.220864589E+01  1.618591118E+01
1.222804219E+01  1.465995216E+01
1.224743848E+01  1.137802982E+01
1.226683478E+01  8.720769882E+00
1.228623107E+01  6.849647045E+00
1.230562737E+01  4.729692936E+00
1.232502367E+01  2.847761869E+00
1.234441996E+01  -1.324396580E-01
1.236381626E+01  -1.750964046E+00
1.238321255E+01  -1.382481456E+00
1.240260885E+01  -1.679393888E+00
1.242200514E+01  -1.863094091E+00
1.244140144E+01  -1.282803178E+00
1.246079774E+01  -7.279765606E-02
1.248019403E+01  1.991877079E+00
1.249959033E+01  4.176802158E+00
1.251898662E+01  6.065283775E+00
1.253838292E+01  6.826904297E+00
1.255777921E+01  8.453606606E+00
1.257717551E+01  1.092839050E+01
1.259657181E+01  1.482320881E+01
1.261596810E+01  1.747572708E+01
1.263536440E+01  2.026348114E+01
1.265476069E+01  2.285095215E+01
1.267415699E+01  2.522105217E+01
1.269355328E+01  2.851056671E+01
1.271294958E+01  3.202870941E+01
1.273234588E+01  3.581692505E+01
1.275174217E+01  3.827437973E+01
1.277113847E+01  3.999974823E+01
1.279053476E+01  3.919525909E+01
1.280993106E+01  3.962958908E+01
1.282932735E+01  3.892666245E+01
1.284872365E+01  3.902878952E+01
1.286811995E+01  3.741931152E+01
1.288751624E+01  3.528128815E+01
1.290691254E+01  3.362958145E+01
1.292630883E+01  3.325468445E+01
1.294570513E+01  3.138701630E+01
1.296510143E+01  2.816911316E+01
1.298449772E+01  2.551399040E+01
1.300389402E+01  2.518694496E+01
1.302329031E+01  2.501306152E+01
1.304268661E+01  2.531958961E+01
1.306208290E+01  2.610391045E+01
1.308147920E+01  2.843832207E+01
1.310087550E+01  3.203789902E+01
1.312027179E+01  3.544847870E+01
1.313966809E+01  4.043826675E+01
1.315906438E+01  4.588795471E+01
1.317846068E+01  5.197994995E+01
1.319785697E+01  5.667564392E+01
1.321725327E+01  6.166855240E+01
1.323664957E+01  6.891018677E+01
1.325604586E+01  7.939983368E+01
1.327544216E+01  9.102101135E+01
1.329483845E+01  1.027089157E+02
1.331423475E+01  1.147229156E+02
1.333363104E+01  1.276260071E+02
1.335302734E+01  1.420023499E+02
1.337242364E+01  1.563093719E+02
1.339181993E+01  1.716977692E+02
1.341121623E+01  1.885110168E+02
1.343061252E+01  2.043909302E+02
1.345000882E+01  2.169274597E+02
1.346940511E+01  2.279631958E+02
1.348880141E+01  2.368675385E+02
1.350819771E+01  2.429978485E+02
1.352759400E+01  2.442578278E+02
1.354699030E+01  2.421883392E+02
1.356638659E+01  2.388966217E+02
1.358578289E+01  2.319500427E+02
1.360517919E+01  2.197970276E+02
1.362457548E+01  2.052502747E+02
1.364397178E+01  1.889080200E+02
1.366336807E+01  1.746766052E+02
1.368276437E+01  1.595512238E+02
1.370216066E+01  1.456742096E+02
1.372155696E+01  1.294728394E+02
1.374095326E+01  1.164465942E+02
1.376034955E+01  1.045417175E+02
1.377974585E+01  9.309433746E+01
1.379914214E+01  8.168250275E+01
1.381853844E+01  7.139548492E+01
1.383793473E+01  6.546096039E+01
1.385733103E+01  6.150943375E+01
1.387672733E+01  5.997048187E+01
1.389612362E+01  5.816941452E+01
1.391551992E+01  5.850698471E+01
1.393491621E+01  5.908388901E+01
1.395431251E+01  6.330941010E+01
1.397370880E+01  6.889239502E+01
1.399310510E+01  7.757830048E+01
1.401250140E+01  8.756963348E+01
1.403189769E+01  1.004731674E+02
1.405129399E+01  1.181832809E+02
1.407069028E+01  1.388468018E+02
1.409008658E+01  1.640390167E+02
1.410948287E+01  1.897892914E+02
1.412887917E+01  2.189255829E+02
1.414827547E+01  2.453908386E+02
1.416767176E+01  2.710049133E+02
1.418706806E+01  2.909092712E+02
1.420646435E+01  3.062921143E+02
1.422586065E+01  3.138336487E+02
1.424525695E+01  3.138964539E+02
1.426465324E+01  3.120927734E+02
1.428404954E+01  3.088073425E+02
1.430344583E+01  3.082864380E+02
1.432284213E+01  2.752147827E+02
1.434223842E+01  2.180143585E+02
1.436163472E+01  2.570695190E+02
1.438103102E+01  2.969652710E+02
1.440042731E+01  3.640539246E+02
1.441982361E+01  5.589350586E+02
1.443921990E+01  6.887772217E+02
1.445861620E+01  9.777136841E+02
1.447801249E+01  1.187132690E+03
1.449740879E+01  1.300242676E+03
1.451680509E+01  1.248439697E+03
1.453620138E+01  1.051657104E+03
1.455559768E+01  8.239827271E+02
1.457499397E+01  5.229403076E+02
1.459439027E+01  4.211534729E+02
1.461378656E+01  2.778488159E+02
1.463318286E+01  1.942741547E+02
1.465257916E+01  1.395620728E+02
1.467197545E+01  8.639931488E+01
1.469137175E+01  6.822496033E+01
1.471076804E+01  6.101685333E+01
1.473016434E+01  5.205625534E+01
1.474956064E+01  4.305428314E+01
1.476895693E+01  3.398712158E+01
1.478835323E+01  2.763803101E+01
1.480774952E+01  2.618816185E+01
1.482714582E+01  2.160571098E+01
1.484654211E+01  1.561688137E+01
1.486593841E+01  6.589178085E+00
1.488533471E+01  -8.382005244E-02
1.490473100E+01  4.000450671E-02
1.492412730E+01  6.214982510E+00
1.494352359E+01  1.194614029E+01
1.496291989E+01  1.397845745E+01
1.498231618E+01  1.004517078E+01
1.500171248E+01  9.050873756E+00
1.502110878E+01  6.818359852E+00
1.504050507E+01  5.785394669E+00
1.505990137E+01  5.007902145E+00
1.507929766E+01  5.240778446E+00
1.509869396E+01  5.336581230E+00
1.511809025E+01  5.306324005E+00
1.513748655E+01  5.330472469E+00
1.515688285E+01  3.123938799E+00
1.517627914E+01  1.241264224E+00
1.519567544E+01  -1.060091853E+00
1.521507173E+01  -1.323408008E+00
1.523446803E+01  -2.345575094E+00
1.525386432E+01  -2.488368750E+00
1.527326062E+01  -1.919164777E+00
1.529265692E+01  -1.586519241E+00
1.531205321E+01  -2.769477844E+00
1.533144951E+01  -3.202570200E+00
1.535084580E+01  -3.600216627E+00
1.537024210E+01  -3.975326300E+00
1.538963840E+01  -3.045053005E+00
1.540903469E+01  -7.686312795E-01
1.542843099E+01  1.362834096E+00
1.544782728E+01  1.774615526E+00
1.546722358E+01  1.170671821E+00
1.548661987E+01  1.757773876E+00
1.550601617E+01  3.500391960E+00
1.552541247E+01  6.777681351E+00
1.554480876E+01  7.805848598E+00
1.556420506E+01  8.183811188E+00
1.558360135E+01  5.697884560E+00
1.560299765E+01  5.836921692E+00
1.562239394E+01  5.909016132E+00
1.564179024E+01  8.496090889E+00
1.566118654E+01  7.750774384E+00
1.568058283E+01  7.861001015E+00
1.569997913E+01  8.580040932E+00
1.571937542E+01  8.657892227E+00
1.573877172E+01  6.983132362E+00
1.575816801E+01  3.516501904E+00
1.577756431E+01  9.984286427E-01
1.579696061E+01  2.001511812E+00
1.581635690E+01  2.523293495E+00
1.583575320E+01  1.828295588E+00
1.585514949E+01  1.818377495E+00
1.587454579E+01  4.345868826E-01
1.589394208E+01  1.286788657E-02
1.591333838E+01  -9.561787248E-01
1.593273468E+01  -2.307037592E+00
1.595213097E+01  -3.013493776E+00
1.597152727E+01  -3.569499016E+00
1.599092356E+01  -2.352703333E+00
1.601031986E+01  -1.250927329E+00
1.602971616E+01  -1.358458757E+00
1.604911245E+01  -1.215806484E+00
1.606850875E+01  8.067473173E-01
1.608790504E+01  2.930036306E+00
1.610730134E+01  5.590514660E+00
1.612669763E+01  6.677063465E+00
1.614609393E+01  1.068894196E+01
1.616549023E+01  1.539788818E+01
1.618488652E+01  1.995992661E+01
1.620428282E+01  2.267536736E+01
1.622367911E+01  2.640041924E+01
1.624307541E+01  3.065314293E+01
1.626247170E+01  3.392837143E+01
1.628186800E+01  3.627413177E+01
1.630126430E+01  4.024353027E+01
1.632066059E+01  4.507565689E+01
1.634005689E+01  5.121363831E+01
1.635945318E+01  5.199262619E+01
1.637884948E+01  5.219837570E+01
1.639824577E+01  5.457432938E+01
1.641764207E+01  6.021660233E+01
1.643703837E+01  6.568046570E+01
1.645643466E+01  6.773198700E+01
1.647583096E+01  7.326606750E+01
1.649522725E+01  7.892819214E+01
1.651462355E+01  9.198043060E+01
1.653401984E+01  1.145880508E+02
1.655341614E+01  1.387821503E+02
1.657281244E+01  1.646200409E+02
1.659220873E+01  1.879863281E+02
1.661160503E+01  2.190329742E+02
1.663100132E+01  2.724045715E+02
1.665039762E+01  3.683216248E+02
1.666979392E+01  4.368143616E+02
1.668919021E+01  5.022315063E+02
1.670858651E+01  5.817945557E+02
1.672798280E+01  6.514583740E+02
1.674737910E+01  7.024971313E+02
1.676677539E+01  7.084415894E+02
1.678617169E+01  6.822604370E+02
1.680556799E+01  6.288331299E+02
1.682496428E+01  5.464226685E+02
1.684436058E+01  4.540868835E+02
1.686375687E+01  3.536406250E+02
1.688315317E+01  3.053163452E+02
1.690254946E+01  3.065184326E+02
1.692194576E+01  2.735465088E+02
1.694134206E+01  2.271030121E+02
1.696073835E+01  1.813932800E+02
1.698013465E+01  1.410649261E+02
1.699953094E+01  1.188049469E+02
1.701892724E+01  1.003950195E+02
1.703832353E+01  8.807006836E+01
1.705771983E+01  8.007520294E+01
1.707711613E+01  7.605754852E+01
1.709651242E+01  6.902644348E+01
1.711590872E+01  6.166820526E+01
1.713530501E+01  5.753014755E+01
1.715470131E+01  5.783191299E+01
1.717409761E+01  5.909070969E+01
1.719349390E+01  5.718065643E+01
1.721289020E+01  5.280397034E+01
1.723228649E+01  4.815235901E+01
1.725168279E+01  4.661405945E+01
1.727107908E+01  4.480338287E+01
1.729047538E+01  4.185736847E+01
1.730987168E+01  3.851487350E+01
1.732926797E+01  3.463271332E+01
1.734866427E+01  3.128380203E+01
1.736806056E+01  2.878133392E+01
1.738745686E+01  2.618831635E+01
1.740685315E+01  2.420917511E+01
1.742624945E+01  2.103497696E+01
1.744564575E+01  1.443914032E+01
1.746504204E+01  5.586285114E+00
1.748443834E+01  4.355229378E+00
1.750383463E+01  1.016273212E+01
1.752323093E+01  1.663121986E+01
1.754262722E+01  1.821599579E+01
1.756202352E+01  1.611197472E+01
1.758141982E+01  1.343533611E+01
1.760081611E+01  1.042787075E+01
1.762021241E+01  9.490677834E+00
1.763960870E+01  7.973231316E+00
1.765900500E+01  5.510782242E+00
1.767840129E+01  2.648458779E-01
1.769779759E+01  -2.849261999E+00
1.771719389E+01  -5.545231819E+00
1.773659018E+01  -5.375722885E+00
1.775598648E+01  -5.932309628E+00
1.777538277E+01  -6.152857780E+00
1.779477907E+01  -7.628650188E+00
1.781417537E+01  -8.319965363E+00
1.783357166E+01  -8.545822144E+00
1.785296796E+01  -6.619236946E+00
1.787236425E+01  -4.579157829E+00
1.789176055E+01  -4.596959591E+00
1.791115684E+01  -3.362434626E+00
1.793055314E+01  -9.026420116E-01
1.794994944E+01  2.583372355E+00
1.796934573E+01  3.987022877E+00
1.798874203E+01  7.479633331E+00
1.800813832E+01  1.220042229E+01
1.802753462E+01  1.822402382E+01
1.804693091E+01  2.144330215E+01
1.806632721E+01  2.646509171E+01
1.808572351E+01  3.225716400E+01
1.810511980E+01  4.033816528E+01
1.812451610E+01  4.470999146E+01
1.814391239E+01  5.081138229E+01
1.816330869E+01  5.684237289E+01
1.818270498E+01  6.391177750E+01
1.820210128E+01  7.078202057E+01
1.822149758E+01  7.876222229E+01
1.824089387E+01  8.697549438E+01
1.826029017E+01  9.393197632E+01
1.827968646E+01  1.009521255E+02
1.829908276E+01  1.085436859E+02
1.831847905E+01  1.156077347E+02
1.833787535E+01  1.229764938E+02
1.835727165E+01  1.320034332E+02
1.837666794E+01  1.405247040E+02
1.839606424E+01  1.451881866E+02
1.841546053E+01  1.491344299E+02
1.843485683E+01  1.560618134E+02
1.845425313E+01  1.621288757E+02
1.847364942E+01  1.688713226E+02
1.849304572E+01  1.735494232E+02
1.851244201E+01  1.802312469E+02
1.853183831E+01  1.848124237E+02
1.855123460E+01  1.900225372E+02
1.857063090E+01  1.947856293E+02
1.859002720E+01  1.988164673E+02
1.860942349E+01  2.032689362E+02
1.862881979E+01  2.062455292E+02
1.864821608E+01  2.091975555E+02
1.866761238E+01  2.111582336E+02
1.868700867E+01  2.131101379E+02
1.870640497E+01  2.155677185E+02
1.872580127E+01  2.199684296E+02
1.874519756E+01  2.229612122E+02
1.876459386E+01  2.265672607E+02
1.878399015E+01  2.251494141E+02
1.880338645E+01  2.255413361E+02
1.882278274E+01  2.253111725E+02
1.884217904E+01  2.272957306E+02
1.886157534E+01  2.269803772E+02
1.888097163E+01  2.285498047E+02
1.890036793E+01  2.284563751E+02
1.891976422E+01  2.279970551E+02
1.893916052E+01  2.269964905E+02
1.895855681E+01  2.254259338E+02
1.897795311E+01  2.230240631E+02
1.899734941E+01  2.191226807E+02
1.901674570E+01  2.159514008E+02
1.903614200E+01  2.128564148E+02
1.905553829E+01  2.096007538E+02
1.907493459E+01  2.048880005E+02
1.909433089E+01  1.981923828E+02
1.911372718E+01  1.916710510E+02
1.913312348E+01  1.845025482E+02
1.915251977E+01  1.755555115E+02
1.917191607E+01  1.662159882E+02
1.919131236E+01  1.570637665E+02
1.921070866E+01  1.465025330E+02
1.923010496E+01  1.354140930E+02
1.924950125E+01  1.258933411E+02
1.926889755E+01  1.175850677E+02
1.928829384E+01  1.108529968E+02
1.930769014E+01  1.030392685E+02
1.932708643E+01  9.588047791E+01
1.934648273E+01  8.892272186E+01
1.936587903E+01  8.188168335E+01
1.938527532E+01  7.537167358E+01
1.940467162E+01  6.864268494E+01
1.942406791E+01  6.089973450E+01
1.944346421E+01  5.521278000E+01
1.946286050E+01  4.955554962E+01
1.948225680E+01  4.551232147E+01
1.950165310E+01  4.091588593E+01
1.952104939E+01  3.593348312E+01
1.954044569E+01  3.023550797E+01
1.955984198E+01  2.652237129E+01
1.957923828E+01  2.402329063E+01
1.959863458E+01  2.024824333E+01
1.961803087E+01  1.709588623E+01
1.963742717E+01  1.559623623E+01
1.965682346E+01  1.296829605E+01
1.967621976E+01  1.044500732E+01
1.969561605E+01  9.233462334E+00
1.971501235E+01  8.117208481E+00
1.973440865E+01  7.514352322E+00
1.975380494E+01  8.326203346E+00
1.977320124E+01  8.952902794E+00
1.979259753E+01  9.203826904E+00
1.981199383E+01  1.001072884E+01
1.983139012E+01  8.654304504E+00
1.985078642E+01  8.522500038E+00
1.987018272E+01  7.706214905E+00
1.988957901E+01  6.997843742E+00
1.990897531E+01  6.237472057E+00
1.992837160E+01  6.771130085E+00
1.994776790E+01  7.348500729E+00
1.996716419E+01  6.405639172E+00
1.998656049E+01  5.514925957E+00
2.000595679E+01  4.995175362E+00
2.002535308E+01  5.020037651E+00
2.004474938E+01  2.638508558E+00
2.006414567E+01  1.794949055E+00
2.008354197E+01  2.195055008E+00
2.010293826E+01  1.937448502E+00
2.012233456E+01  -1.093498230E+00
2.014173086E+01  -1.401003122E+00
2.016112715E+01  -1.848041534E+00
2.018052345E+01  -2.451780319E+00
2.019991974E+01  -3.995151281E+00
2.021931604E+01  -4.115229607E+00
2.023871234E+01  -4.461927891E+00
2.025810863E+01  -5.165770054E+00
2.027750493E+01  -6.271730423E+00
2.029690122E+01  -5.905985355E+00
2.031629752E+01  -6.403599739E+00
2.033569381E+01  -6.928158760E+00
2.035509011E+01  -6.197844505E+00
2.037448641E+01  -6.104580402E+00
2.039388270E+01  -4.274580002E+00
2.041327900E+01  -2.358634710E+00
2.043267529E+01  -6.237901282E-03
2.045207159E+01  1.030651212E+00
2.047146788E+01  5.995085239E-01
2.049086418E+01  3.254628778E-01
2.051026048E+01  1.462610483E+00
2.052965677E+01  2.063688517E+00
2.054905307E+01  4.512052536E+00
2.056844936E+01  6.487003803E+00
2.058784566E+01  6.069743156E+00
2.060724195E+01  5.982621193E+00
2.062663825E+01  8.527368546E+00
2.064603455E+01  1.199256134E+01
2.066543084E+01  1.409599686E+01
2.068482714E+01  1.613972092E+01
2.070422343E+01  1.721998215E+01
2.072361973E+01  1.804632187E+01
2.074301602E+01  1.956485558E+01
2.076241232E+01  2.200050545E+01
2.078180862E+01  2.357062531E+01
2.080120491E+01  2.443396187E+01
2.082060121E+01  2.693528557E+01
2.083999750E+01  2.876114655E+01
2.085939380E+01  2.864933777E+01
2.087879010E+01  2.854295731E+01
2.089818639E+01  2.870977020E+01
2.091758269E+01  2.890872765E+01
2.093697898E+01  2.818829155E+01
2.095637528E+01  3.023335838E+01
2.097577157E+01  3.379934311E+01
2.099516787E+01  3.515894699E+01
2.101456417E+01  3.487192917E+01
2.103396046E+01  3.459712982E+01
2.105335676E+01  3.531266403E+01
2.107275305E+01  3.335841751E+01
2.109214935E+01  3.068750000E+01
2.111154564E+01  2.985770416E+01
2.113094194E+01  3.153565216E+01
2.115033824E+01  3.310568237E+01
2.116973453E+01  3.219572830E+01
2.118913083E+01  3.027766800E+01
2.120852712E+01  2.885017014E+01
2.122792342E+01  2.578221703E+01
2.124731971E+01  2.415537643E+01
2.126671601E+01  2.225673294E+01
2.128611231E+01  2.204665947E+01
2.130550860E+01  2.142786217E+01
2.132490490E+01  1.870582771E+01
2.134430119E+01  1.587472343E+01
2.136369749E+01  1.499678516E+01
2.138309378E+01  1.361809444E+01
2.140249008E+01  1.018264484E+01
2.142188638E+01  7.055049896E+00
2.144128267E+01  5.209510326E+00
2.146067897E+01  3.676839590E+00
2.148007526E+01  2.717317343E+00
2.149947156E+01  3.024064302E+00
2.151886786E+01  2.682272434E+00
2.153826415E+01  1.508810043E+00
2.155766045E+01  4.557888508E-01
2.157705674E+01  -1.748323739E-01
2.159645304E+01  -1.974895954E+00
2.161584933E+01  -3.290881634E+00
2.163524563E+01  -3.268580437E+00
2.165464193E+01  -1.257875681E+00
2.167403822E+01  2.943851948E+00
2.169343452E+01  5.734550476E+00
2.171283081E+01  8.226543427E+00
2.173222711E+01  9.111768723E+00
2.175162340E+01  9.431308746E+00
2.177101970E+01  9.316366196E+00
2.179041600E+01  9.077376366E+00
2.180981229E+01  8.283351898E+00
2.182920859E+01  8.229419708E+00
2.184860488E+01  8.955375671E+00
2.186800118E+01  1.024349022E+01
2.188739747E+01  1.187998390E+01
2.190679377E+01  1.314111328E+01
2.192619007E+01  1.292623043E+01
2.194558636E+01  1.249923801E+01
2.196498266E+01  1.173736763E+01
2.198437895E+01  1.166511917E+01
2.200377525E+01  1.341006947E+01
2.202317155E+01  1.576586342E+01
2.204256784E+01  1.783820534E+01
2.206196414E+01  1.921307373E+01
2.208136043E+01  2.147869301E+01
2.210075673E+01  2.234882736E+01
2.212015302E+01  2.487907791E+01
2.213954932E+01  2.684677505E+01
2.215894562E+01  2.720628929E+01
2.217834191E+01  2.753093147E+01
2.219773821E+01  2.978736115E+01
2.221713450E+01  3.321717072E+01
2.223653080E+01  3.692918396E+01
2.225592709E+01  4.021973801E+01
2.227532339E+01  4.112544250E+01
2.229471969E+01  4.187311554E+01
2.231411598E+01  4.383314514E+01
2.233351228E+01  4.455757141E+01
2.235290857E+01  4.689533615E+01
2.237230487E+01  5.009845352E+01
2.239170116E+01  5.064892197E+01
2.241109746E+01  5.164325333E+01
2.243049376E+01  5.391769028E+01
2.244989005E+01  5.413610840E+01
2.246928635E+01  5.143576813E+01
2.248868264E+01  4.881645203E+01
2.250807894E+01  4.945908356E+01
2.252747523E+01  4.905163956E+01
2.254687153E+01  4.646103287E+01
2.256626783E+01  4.673040390E+01
2.258566412E+01  4.795658493E+01
2.260506042E+01  4.560061646E+01
2.262445671E+01  4.333713150E+01
2.264385301E+01  4.142153168E+01
2.266324931E+01  3.864359283E+01
2.268264560E+01  3.598958206E+01
2.270204190E+01  3.423135376E+01
2.272143819E+01  2.994077682E+01
2.274083449E+01  2.777607536E+01
2.276023078E+01  2.861784363E+01
2.277962708E+01  2.835735893E+01
2.279902338E+01  2.649155998E+01
2.281841967E+01  2.397264671E+01
2.283781597E+01  2.420320702E+01
2.285721226E+01  2.481697464E+01
2.287660856E+01  2.456090546E+01
2.289600485E+01  2.388600731E+01
2.291540115E+01  2.470148659E+01
2.293479745E+01  2.582176590E+01
2.295419374E+01  2.570160484E+01
2.297359004E+01  2.588970375E+01
2.299298633E+01  2.688540459E+01
2.301238263E+01  2.604322624E+01
2.303177892E+01  2.420836830E+01
2.305117522E+01  2.677799797E+01
2.307057152E+01  3.280426788E+01
2.308996781E+01  3.634004211E+01
2.310936411E+01  3.706973267E+01
2.312876040E+01  3.769018173E+01
2.314815670E+01  3.988673782E+01
2.316755299E+01  4.108081055E+01
2.318694929E+01  4.267743301E+01
2.320634559E+01  4.688875580E+01
2.322574188E+01  5.133048248E+01
2.324513818E+01  5.267104721E+01
2.326453447E+01  5.219924545E+01
2.328393077E+01  5.366895676E+01
2.330332707E+01  5.757551193E+01
2.332272336E+01  5.941108704E+01
2.334211966E+01  5.884291077E+01
2.336151595E+01  5.784681702E+01
2.338091225E+01  5.948775864E+01
2.340030854E+01  5.982681274E+01
2.341970484E+01  6.125807190E+01
2.343910114E+01  6.068101883E+01
2.345849743E+01  6.178520203E+01
2.347789373E+01  6.385467148E+01
2.349729002E+01  6.738859558E+01
2.351668632E+01  7.016056061E+01
2.353608261E+01  7.403160858E+01
2.355547891E+01  8.200633240E+01
2.357487521E+01  9.382154083E+01
2.359427150E+01  1.062480011E+02
2.361366780E+01  1.231585388E+02
2.363306409E+01  1.472253418E+02
2.365246039E+01  1.837387390E+02
2.367185668E+01  2.327181396E+02
2.369125298E+01  2.944643860E+02
2.371064928E+01  3.740003357E+02
2.373004557E+01  4.732035217E+02
2.374944187E+01  5.861229248E+02
2.376883816E+01  6.951494751E+02
2.378823446E+01  7.799008179E+02
2.380763075E+01  8.243967896E+02
2.382702705E+01  8.159879150E+02
2.384642335E+01  7.537008057E+02
2.386581964E+01  6.522213745E+02
2.388521594E+01  5.308106689E+02
2.390461223E+01  4.131862793E+02
2.392400853E+01  3.059407043E+02
2.394340483E+01  2.188117218E+02
2.396280112E+01  1.523981323E+02
2.398219742E+01  1.047230377E+02
2.400159371E+01  7.044423676E+01
2.402099001E+01  4.841747284E+01
2.404038630E+01  3.620475769E+01
2.405978260E+01  2.777550697E+01
2.407917890E+01  1.968281364E+01
2.409857519E+01  1.257200432E+01
2.411797149E+01  9.691850662E+00
2.413736778E+01  6.578906059E+00
2.415676408E+01  4.106812954E+00
2.417616037E+01  2.909888506E+00
2.419555667E+01  3.883857012E+00
2.421495297E+01  5.067439556E+00
2.423434926E+01  5.321311474E+00
2.425374556E+01  6.862524986E+00
2.427314185E+01  8.142195702E+00
2.429253815E+01  5.434130669E+00
2.431193444E+01  3.093614817E+00
2.433133074E+01  2.480904907E-01
2.435072704E+01  2.000528812E+00
2.437012333E+01  3.550771236E+00
2.438951963E+01  4.425513744E+00
2.440891592E+01  3.604288101E+00
2.442831222E+01  1.940120697E+00
2.444770852E+01  9.893725514E-01
2.446710481E+01  -6.095938087E-01
2.448650111E+01  -8.434391022E-01
2.450589740E+01  -1.208118320E+00
2.452529370E+01  4.244263470E-01
2.454468999E+01  3.485960245E+00
2.456408629E+01  4.051074982E+00
2.458348259E+01  2.297398806E+00
2.460287888E+01  2.466789007E+00
2.462227518E+01  2.628764153E+00
2.464167147E+01  1.563813090E+00
2.466106777E+01  -4.509517848E-01
2.468046406E+01  1.116292700E-01
2.469986036E+01  1.134884432E-01
2.471925666E+01  4.227238894E-01
2.473865295E+01  2.068147898E+00
2.475804925E+01  2.088902473E+00
2.477744554E+01  2.309613466E+00
2.479684184E+01  2.608461857E+00
2.481623813E+01  2.586623192E+00
2.483563443E+01  3.233557224E+00
2.485503073E+01  2.696298361E+00
2.487442702E+01  1.815349817E+00
2.489382332E+01  7.659107447E-02
2.491321961E+01  1.020217061E+00
2.493261591E+01  -2.819644213E-01
2.495201220E+01  8.899245262E-01
2.497140850E+01  1.748293787E-01
2.499080480E+01  5.509301424E-01
2.501020109E+01  -2.395538539E-01
2.502959739E+01  2.084782124E+00
2.504899368E+01  4.768599033E+00
2.506838998E+01  4.426550865E+00
2.508778628E+01  1.660470247E+00
2.510718257E+01  -2.792588770E-01
2.512657887E+01  1.370553970E+00
2.514597516E+01  1.194250941E+00
2.516537146E+01  4.364320040E-01
2.518476775E+01  -1.019778252E+00
2.520416405E+01  -7.213400602E-01
2.522356035E+01  -3.696703315E-01
2.524295664E+01  1.915679455E+00
2.526235294E+01  2.118500233E+00
2.528174923E+01  1.938381642E-01
2.530114553E+01  -1.519659281E+00
2.532054182E+01  -9.442823529E-01
2.533993812E+01  1.362221241E+00
2.535933442E+01  2.160495996E+00
2.537873071E+01  1.863555193E+00
2.539812701E+01  3.324370146E+00
2.541752330E+01  2.140062094E+00
2.543691960E+01  1.504921794E+00
2.545631589E+01  1.235303760E+00
2.547571219E+01  2.558682680E+00
2.549510849E+01  2.250119686E+00
2.551450478E+01  3.161798954E+00
2.553390108E+01  3.149776697E+00
2.555329737E+01  3.041019201E+00
2.557269367E+01  3.637790442E+00
2.559208996E+01  3.934932709E+00
2.561148626E+01  1.787588716E+00
2.563088256E+01  5.095849633E-01
2.565027885E+01  -6.495193839E-01
2.566967515E+01  8.708094954E-01
2.568907144E+01  2.274109125E+00
2.570846774E+01  8.632196784E-01
2.572786404E+01  -2.067880034E-01
2.574726033E+01  7.935569882E-01
2.576665663E+01  2.569981575E+00
2.578605292E+01  2.292019367E+00
2.580544922E+01  3.351312876E+00
2.582484551E+01  7.148725986E+00
2.584424181E+01  1.093956280E+01
2.586363811E+01  1.288215256E+01
2.588303440E+01  1.398024082E+01
2.590243070E+01  1.265281200E+01
2.592182699E+01  1.141305637E+01
2.594122329E+01  1.399556541E+01
2.596061958E+01  2.079261971E+01
2.598001588E+01  2.376288795E+01
2.599941218E+01  2.404446220E+01
2.601880847E+01  2.412113190E+01
2.603820477E+01  2.388683128E+01
2.605760106E+01  2.468398476E+01
2.607699736E+01  2.715067863E+01
2.609639365E+01  3.043110466E+01
2.611578995E+01  3.230204391E+01
2.613518625E+01  3.738452911E+01
2.615458254E+01  4.236504745E+01
2.617397884E+01  4.872868729E+01
2.619337513E+01  5.220251465E+01
2.621277143E+01  5.539057541E+01
2.623216772E+01  5.317868042E+01
2.625156402E+01  5.161235046E+01
2.627096032E+01  5.251129532E+01
2.629035661E+01  5.091938019E+01
2.630975291E+01  4.766908646E+01
2.632914920E+01  4.141028976E+01
2.634854550E+01  3.475921631E+01
2.636794180E+01  3.234114456E+01
2.638733809E+01  3.017443848E+01
2.640673439E+01  2.966981888E+01
2.642613068E+01  2.862913132E+01
2.644552698E+01  2.600803947E+01
2.646492327E+01  2.220997047E+01
2.648431957E+01  1.995011330E+01
2.650371587E+01  2.066973305E+01
2.652311216E+01  2.067018890E+01
2.654250846E+01  2.051429939E+01
2.656190475E+01  2.194552994E+01
2.658130105E+01  2.391874504E+01
2.660069734E+01  2.635533333E+01
2.662009364E+01  2.920716858E+01
2.663948994E+01  2.784502792E+01
2.665888623E+01  2.848755074E+01
2.667828253E+01  2.983575439E+01
2.669767882E+01  3.166116142E+01
2.671707512E+01  3.341810608E+01
2.673647141E+01  3.509164047E+01
2.675586771E+01  3.877637863E+01
2.677526401E+01  3.779735184E+01
2.679466030E+01  3.616191483E+01
2.681405660E+01  3.303948212E+01
2.683345289E+01  3.408721542E+01
2.685284919E+01  3.520270538E+01
2.687224549E+01  3.924616241E+01
2.689164178E+01  3.970909500E+01
2.691103808E+01  4.366135406E+01
2.693043437E+01  4.675333023E+01
2.694983067E+01  4.824599075E+01
2.696922696E+01  4.706020355E+01
2.698862326E+01  5.079065323E+01
2.700801956E+01  5.256668854E+01
2.702741585E+01  5.807212067E+01
2.704681215E+01  6.004592896E+01
2.706620844E+01  6.202620697E+01
2.708560474E+01  6.134572601E+01
2.710500103E+01  6.176382446E+01
2.712439733E+01  6.175128937E+01
2.714379363E+01  6.583168030E+01
2.716318992E+01  6.900566864E+01
2.718258622E+01  7.111598969E+01
2.720198251E+01  6.922932434E+01
2.722137881E+01  7.019583893E+01
2.724077510E+01  7.391652679E+01
2.726017140E+01  7.537448120E+01
2.727956770E+01  7.484628296E+01
2.729896399E+01  7.382070923E+01
2.731836029E+01  7.360444641E+01
2.733775658E+01  7.501960754E+01
2.735715288E+01  7.254333496E+01
2.737654917E+01  7.308371735E+01
2.739594547E+01  7.190332794E+01
2.741534177E+01  7.077572632E+01
2.743473806E+01  6.993465424E+01
2.745413436E+01  7.136971283E+01
2.747353065E+01  6.744715118E+01
2.749292695E+01  6.099679565E+01
2.751232325E+01  6.006473541E+01
2.753171954E+01  6.298920822E+01
2.755111584E+01  6.642528534E+01
2.757051213E+01  6.879891968E+01
2.758990843E+01  6.827988434E+01
2.760930472E+01  6.078319168E+01
2.762870102E+01  5.163511658E+01
2.764809732E+01  5.747652435E+01
2.766749361E+01  6.985831451E+01
2.768688991E+01  8.698994446E+01
2.770628620E+01  9.682270050E+01
2.772568250E+01  1.017648087E+02
2.774507879E+01  1.152077408E+02
2.776447509E+01  1.501991577E+02
2.778387139E+01  1.806191101E+02
2.780326768E+01  1.797585144E+02
2.782266398E+01  1.675807495E+02
2.784206027E+01  1.830189514E+02
2.786145657E+01  2.398687286E+02
2.788085286E+01  3.174877014E+02
2.790024916E+01  4.140689697E+02
2.791964546E+01  4.907958679E+02
2.793904175E+01  5.542915039E+02
2.795843805E+01  5.980703735E+02
2.797783434E+01  6.141912842E+02
2.799723064E+01  6.119338989E+02
2.801662693E+01  5.969143066E+02
2.803602323E+01  5.811724854E+02
2.805541953E+01  5.254672241E+02
2.807481582E+01  4.550417786E+02
2.809421212E+01  3.633965759E+02
2.811360841E+01  2.861863403E+02
2.813300471E+01  2.641241455E+02
2.815240101E+01  2.647313232E+02
2.817179730E+01  2.410169067E+02
2.819119360E+01  2.011274261E+02
2.821058989E+01  1.570679626E+02
2.822998619E+01  1.183422241E+02
2.824938248E+01  9.462310028E+01
2.826877878E+01  7.658131409E+01
2.828817508E+01  6.074497604E+01
2.830757137E+01  4.963455963E+01
2.832696767E+01  4.106436539E+01
2.834636396E+01  3.475992966E+01
2.836576026E+01  2.617071724E+01
2.838515655E+01  2.201306152E+01
2.840455285E+01  1.916099739E+01
2.842394915E+01  1.781981850E+01
2.844334544E+01  1.213177681E+01
2.846274174E+01  7.349400997E+00
2.848213803E+01  7.415581226E+00
2.850153433E+01  1.056708717E+01
2.852093062E+01  1.121349335E+01
2.854032692E+01  1.444038677E+01
2.855972322E+01  1.786219025E+01
2.857911951E+01  1.660415459E+01
2.859851581E+01  1.570402813E+01
2.861791210E+01  1.517024708E+01
2.863730840E+01  1.630233192E+01
2.865670469E+01  2.028155136E+01
2.867610099E+01  2.317956924E+01
2.869549729E+01  1.896025467E+01
2.871489358E+01  1.409548664E+01
2.873428988E+01  1.770686340E+01
2.875368617E+01  2.330770683E+01
2.877308247E+01  2.663151169E+01
2.879247877E+01  2.482849693E+01
2.881187506E+01  2.479035187E+01
2.883127136E+01  2.583892632E+01
2.885066765E+01  3.020567513E+01
2.887006395E+01  3.262409973E+01
2.888946024E+01  3.196218681E+01
2.890885654E+01  2.510822105E+01
2.892825284E+01  2.035167313E+01
2.894764913E+01  1.933997726E+01
2.896704543E+01  1.390344334E+01
2.898644172E+01  1.206080341E+01
2.900583802E+01  1.688191986E+01
2.902523431E+01  2.310270309E+01
2.904463061E+01  2.941874504E+01
2.906402691E+01  3.062569237E+01
2.908342320E+01  3.155484390E+01
2.910281950E+01  3.833428955E+01
2.912221579E+01  5.669633102E+01
2.914161209E+01  7.326869202E+01
2.916100838E+01  8.958324432E+01
2.918040468E+01  1.049287033E+02
2.919980098E+01  1.211152267E+02
2.921919727E+01  1.445126953E+02
2.923859357E+01  1.724082642E+02
2.925798986E+01  1.878718872E+02
2.927738616E+01  1.965292206E+02
2.929678246E+01  2.022158813E+02
2.931617875E+01  1.911073608E+02
2.933557505E+01  1.721936340E+02
2.935497134E+01  1.458201294E+02
2.937436764E+01  1.237343903E+02
2.939376393E+01  9.551034546E+01
2.941316023E+01  7.511083221E+01
2.943255653E+01  4.276227951E+01
2.945195282E+01  1.191587448E+01
2.947134912E+01  -2.406585455E+00
2.949074541E+01  4.669655263E-01
2.951014171E+01  6.252562404E-01
2.952953800E+01  -9.548555017E-01
2.954893430E+01  4.091650248E-01
2.956833060E+01  -1.985507369E+00
2.958772689E+01  -2.363585472E+00
2.960712319E+01  1.130652666E+00
2.962651948E+01  1.563648343E+00
2.964591578E+01  5.792836547E-01
2.966531207E+01  -7.687275410E-01
