4.333749812E+00  6.029291630E+00
4.353146108E+00  6.444687366E+00
4.372542403E+00  7.144978523E+00
4.391938699E+00  6.405300140E+00
4.411334995E+00  6.315994263E+00
4.430731291E+00  4.477601528E+00
4.450127587E+00  4.912054539E+00
4.469523882E+00  4.314061642E+00
4.488920178E+00  3.584771633E+00
4.508316474E+00  4.192619324E+00
4.527712770E+00  4.195902824E+00
4.547109065E+00  4.657620907E+00
4.566505361E+00  2.368754864E+00
4.585901657E+00  1.356985688E+00
4.605297953E+00  2.537537515E-01
4.624694248E+00  9.071523547E-01
4.644090544E+00  1.575282812E+00
4.663486840E+00  -7.339278609E-02
4.682883136E+00  -2.771906555E-01
4.702279431E+00  7.518412471E-01
4.721675727E+00  2.471910000E+00
4.741072023E+00  4.771746635E+00
4.760468319E+00  4.545217991E+00
4.779864614E+00  3.867941618E+00
4.799260910E+00  7.737491727E-01
4.818657206E+00  -9.430503249E-01
4.838053502E+00  7.897456288E-01
4.857449797E+00  5.309016705E-01
4.876846093E+00  5.920082927E-01
4.896242389E+00  5.876479670E-03
4.915638685E+00  -1.790899551E-03
4.935034981E+00  2.860491991E+00
4.954431276E+00  3.704441071E+00
4.973827572E+00  3.646698713E+00
4.993223868E+00  3.199645519E+00
5.012620164E+00  4.445216179E+00
5.032016459E+00  3.716070175E+00
5.051412755E+00  1.426195025E+00
5.070809051E+00  3.598880172E-01
5.090205347E+00  6.067286730E-01
5.109601642E+00  3.701857567E+00
5.128997938E+00  4.705441475E+00
5.148394234E+00  4.665288448E+00
5.167790530E+00  2.078332424E+00
5.187186825E+00  4.006630480E-01
5.206583121E+00  2.026639462E+00
5.225979417E+00  7.361040711E-01
5.245375713E+00  -4.021386504E-01
5.264772008E+00  -1.658736348E+00
5.284168304E+00  -2.078629732E+00
5.303564600E+00  -3.269435406E+00
5.322960896E+00  -1.481232166E+00
5.342357191E+00  5.904888511E-01
5.361753487E+00  1.736968517E+00
5.381149783E+00  3.187966585E+00
5.400546079E+00  3.983465433E+00
5.419942375E+00  4.753818512E+00
5.439338670E+00  2.873799562E+00
5.458734966E+00  8.029400706E-01
5.478131262E+00  1.249232292E+00
5.497527558E+00  1.288288593E+00
5.516923853E+00  3.418180466E+00
5.536320149E+00  5.994658470E+00
5.555716445E+00  9.313238144E+00
5.575112741E+00  1.063599968E+01
5.594509036E+00  8.016984940E+00
5.613905332E+00  4.854290962E+00
5.633301628E+00  1.962932944E+00
5.652697924E+00  1.620001316E+00
5.672094219E+00  6.853973866E-01
5.691490515E+00  1.514087617E-01
5.710886811E+00  1.953451186E-01
5.730283107E+00  2.518192291E+00
5.749679402E+00  3.530561924E+00
5.769075698E+00  2.240182638E+00
5.788471994E+00  -2.954190969E-01
5.807868290E+00  -1.639528036E+00
5.827264585E+00  -2.216307402E+00
5.846660881E+00  -4.810414612E-01
5.866057177E+00  1.313183427E+00
5.885453473E+00  3.257609606E+00
5.904849769E+00  3.567508221E+00
5.924246064E+00  2.400327444E+00
5.943642360E+00  1.553232193E+00
5.963038656E+00  7.446206808E-01
5.982434952E+00  1.309212685E+00
6.001831247E+00  1.611515999E+00
6.021227543E+00  2.887265444E+00
6.040623839E+00  3.840350866E+00
6.060020135E+00  4.344598770E+00
6.079416430E+00  1.805706978E+00
6.098812726E+00  8.764433265E-01
6.118209022E+00  8.670358062E-01
6.137605318E+00  2.221962690E+00
6.157001613E+00  3.059730291E+00
6.176397909E+00  5.709106922E+00
6.195794205E+00  6.004634380E+00
6.215190501E+00  5.306625366E+00
6.234586796E+00  3.233562469E+00
6.253983092E+00  3.661221266E+00
6.273379388E+00  3.347770452E+00
6.292775684E+00  2.745885134E+00
6.312171979E+00  2.483439684E+00
6.331568275E+00  2.687465429E+00
6.350964571E+00  4.864505768E+00
6.370360867E+00  2.628142357E+00
6.389757163E+00  9.327483773E-01
6.409153458E+00  6.949411631E-01
6.428549754E+00  3.133663893E+00
6.447946050E+00  3.970501184E+00
6.467342346E+00  2.145864487E+00
6.486738641E+00  1.070338488E+00
6.506134937E+00  -4.119350612E-01
6.525531233E+00  7.789960504E-01
6.544927529E+00  1.602947474E+00
6.564323824E+00  4.080326855E-01
6.583720120E+00  1.251347810E-01
6.603116416E+00  -5.124744177E-01
6.622512712E+00  -1.164796591E+00
6.641909007E+00  -1.702472687E+00
6.661305303E+00  -8.372585177E-01
6.680701599E+00  6.007720232E-01
6.700097895E+00  4.421758354E-01
6.719494190E+00  6.553314924E-01
6.738890486E+00  1.430929422E+00
6.758286782E+00  1.126447320E+00
6.777683078E+00  -9.345348924E-02
6.797079373E+00  -3.064728975E-01
6.816475669E+00  1.503156662E+00
6.835871965E+00  2.375468731E+00
6.855268261E+00  1.164691091E+00
6.874664557E+00  -3.918981850E-01
6.894060852E+00  7.938106060E-01
6.913457148E+00  9.658181071E-01
6.932853444E+00  6.985803246E-01
6.952249740E+00  7.205960900E-02
6.971646035E+00  1.515596986E+00
6.991042331E+00  2.236865997E+00
7.010438627E+00  3.093940020E+00
7.029834923E+00  2.020337105E+00
7.049231218E+00  1.336415291E+00
7.068627514E+00  2.291845560E+00
7.088023810E+00  2.356131792E+00
7.107420106E+00  9.494458325E-03
7.126816401E+00  -1.841611147E+00
7.146212697E+00  5.112264156E-01
7.165608993E+00  1.859369278E+00
7.185005289E+00  1.248384595E+00
7.204401584E+00  8.419234753E-01
7.223797880E+00  1.269855261E+00
7.243194176E+00  1.866781116E+00
7.262590472E+00  2.023463726E+00
7.281986767E+00  2.087085962E+00
7.301383063E+00  2.535312653E+00
7.320779359E+00  2.917078972E+00
7.340175655E+00  4.195353985E+00
7.359571951E+00  4.000920296E+00
7.378968246E+00  2.853922606E+00
7.398364542E+00  2.969651937E+00
7.417760838E+00  1.481562495E+00
7.437157134E+00  1.298691273E+00
7.456553429E+00  -1.403253913E+00
7.475949725E+00  -1.330576420E+00
7.495346021E+00  -1.345393896E+00
7.514742317E+00  -6.223741770E-01
7.534138612E+00  5.032458901E-01
7.553534908E+00  1.173237205E+00
7.572931204E+00  5.211548209E-01
7.592327500E+00  -1.148945689E+00
7.611723795E+00  -1.487256646E+00
7.631120091E+00  -1.342595816E+00
7.650516387E+00  -1.226021290E+00
7.669912683E+00  -6.473707557E-01
7.689308978E+00  -1.076800466E+00
7.708705274E+00  -5.659918785E-01
7.728101570E+00  -6.153304577E-01
7.747497866E+00  9.960260391E-01
7.766894161E+00  2.609325886E+00
7.786290457E+00  2.472364902E+00
7.805686753E+00  4.958428741E-01
7.825083049E+00  -1.126390100E+00
7.844479345E+00  1.448075920E-01
7.863875640E+00  1.805203795E+00
7.883271936E+00  2.168281555E+00
7.902668232E+00  1.450938225E+00
7.922064528E+00  1.389454961E+00
7.941460823E+00  2.833005667E+00
7.960857119E+00  3.907233000E+00
7.980253415E+00  3.997159481E+00
7.999649711E+00  5.561150551E+00
8.019046006E+00  8.857233047E+00
8.038442302E+00  9.596166611E+00
8.057838598E+00  9.829867363E+00
8.077234894E+00  9.282706261E+00
8.096631189E+00  1.004558659E+01
8.116027485E+00  1.296070957E+01
8.135423781E+00  1.666819382E+01
8.154820077E+00  1.906627083E+01
8.174216372E+00  1.857934380E+01
8.193612668E+00  1.618116760E+01
8.213008964E+00  1.574762249E+01
8.232405260E+00  1.663897514E+01
8.251801555E+00  1.790275192E+01
8.271197851E+00  1.971487999E+01
8.290594147E+00  2.083036804E+01
8.309990443E+00  2.297439766E+01
8.329386739E+00  2.593288803E+01
8.348783034E+00  2.964794350E+01
8.368179330E+00  3.294831085E+01
8.387575626E+00  3.607597351E+01
8.406971922E+00  3.710630798E+01
8.426368217E+00  3.885797882E+01
8.445764513E+00  3.976085281E+01
8.465160809E+00  4.151296997E+01
8.484557105E+00  4.153170776E+01
8.503953400E+00  4.057217026E+01
8.523349696E+00  3.792250061E+01
8.542745992E+00  3.448932266E+01
8.562142288E+00  3.084680557E+01
8.581538583E+00  2.855770493E+01
8.600934879E+00  2.621217728E+01
8.620331175E+00  2.427445030E+01
8.639727471E+00  2.135871315E+01
8.659123766E+00  1.870567131E+01
8.678520062E+00  1.498234749E+01
8.697916358E+00  1.203307247E+01
8.717312654E+00  1.052620888E+01
8.736708949E+00  8.121637344E+00
8.756105245E+00  4.413636684E+00
8.775501541E+00  1.245584965E+00
8.794897837E+00  6.162206531E-01
8.814294133E+00  -1.797253340E-01
8.833690428E+00  -1.288822770E+00
8.853086724E+00  -5.687064528E-01
8.872483020E+00  1.709542990E+00
8.891879316E+00  3.444175959E+00
8.911275611E+00  4.608304977E+00
8.930671907E+00  7.206949711E+00
8.950068203E+00  1.150996208E+01
8.969464499E+00  1.671488380E+01
8.988860794E+00  2.007122612E+01
9.008257090E+00  2.329797173E+01
9.027653386E+00  2.905624199E+01
9.047049682E+00  3.086728096E+01
9.066445977E+00  2.613835335E+01
9.085842273E+00  1.714566803E+01
9.105238569E+00  1.211618042E+01
9.124634865E+00  1.632257843E+01
9.144031160E+00  1.880180359E+01
9.163427456E+00  1.799763870E+01
9.182823752E+00  1.317722988E+01
9.202220048E+00  1.232514000E+01
9.221616343E+00  1.120781422E+01
9.241012639E+00  9.939994812E+00
9.260408935E+00  9.710319519E+00
9.279805231E+00  8.775469780E+00
9.299201527E+00  6.283910751E+00
9.318597822E+00  3.556901932E+00
9.337994118E+00  2.906376123E+00
9.357390414E+00  3.861505985E+00
9.376786710E+00  3.442633152E+00
9.396183005E+00  -7.288653851E-01
9.415579301E+00  -4.246249199E+00
9.434975597E+00  -5.151790619E+00
9.454371893E+00  -4.757085323E+00
9.473768188E+00  -4.001698971E+00
9.493164484E+00  -3.717573643E+00
9.512560780E+00  -3.982547283E+00
9.531957076E+00  -3.794674635E+00
9.551353371E+00  -2.949430943E+00
9.570749667E+00  -2.087813377E+00
9.590145963E+00  -2.747619152E+00
9.609542259E+00  -3.045338154E+00
9.628938554E+00  -5.631248951E-01
9.648334850E+00  1.578682423E+00
9.667731146E+00  2.923943520E+00
9.687127442E+00  4.319622040E+00
9.706523737E+00  6.366456032E+00
9.725920033E+00  1.056274891E+01
9.745316329E+00  1.546646214E+01
9.764712625E+00  2.197206306E+01
9.784108921E+00  2.945723724E+01
9.803505216E+00  3.860050583E+01
9.822901512E+00  4.814585876E+01
9.842297808E+00  5.961002731E+01
9.861694104E+00  7.005979156E+01
9.881090399E+00  8.217694855E+01
9.900486695E+00  9.229586029E+01
9.919882991E+00  1.018954010E+02
9.939279287E+00  1.099019394E+02
9.958675582E+00  1.145398788E+02
9.978071878E+00  1.181366272E+02
9.997468174E+00  1.178505630E+02
1.001686447E+01  1.169755173E+02
1.003626077E+01  1.118184052E+02
1.005565706E+01  1.044470596E+02
1.007505336E+01  9.510353088E+01
1.009444965E+01  8.459791565E+01
1.011384595E+01  7.502433777E+01
1.013324224E+01  6.552886963E+01
1.015263854E+01  5.596081161E+01
1.017203484E+01  4.554117966E+01
1.019143113E+01  3.805411911E+01
1.021082743E+01  3.010127258E+01
1.023022372E+01  2.299706650E+01
1.024962002E+01  1.603212357E+01
1.026901631E+01  1.217712116E+01
1.028841261E+01  9.174112320E+00
1.030780891E+01  6.956683159E+00
1.032720520E+01  5.563778400E+00
1.034660150E+01  4.583063126E+00
1.036599779E+01  4.241014481E+00
1.038539409E+01  5.660494804E+00
1.040479038E+01  8.677160263E+00
1.042418668E+01  1.261632633E+01
1.044358298E+01  1.732397270E+01
1.046297927E+01  1.984766388E+01
1.048237557E+01  2.045974159E+01
1.050177186E+01  2.199694061E+01
1.052116816E+01  2.763919067E+01
1.054056446E+01  3.803073120E+01
1.055996075E+01  4.771101379E+01
1.057935705E+01  5.657906723E+01
1.059875334E+01  6.268966293E+01
1.061814964E+01  6.778234100E+01
1.063754593E+01  7.108687592E+01
1.065694223E+01  7.601928711E+01
1.067633853E+01  8.105444336E+01
1.069573482E+01  8.546163177E+01
1.071513112E+01  8.941616058E+01
1.073452741E+01  9.360310364E+01
1.075392371E+01  9.753933716E+01
1.077332000E+01  1.021116333E+02
1.079271630E+01  1.073725510E+02
1.081211260E+01  1.149115448E+02
1.083150889E+01  1.241108322E+02
1.085090519E+01  1.322435150E+02
1.087030148E+01  1.392792664E+02
1.088969778E+01  1.471021271E+02
1.090909407E+01  1.550301971E+02
1.092849037E+01  1.639917908E+02
1.094788667E+01  1.712919312E+02
1.096728296E+01  1.756160583E+02
1.098667926E+01  1.776012878E+02
1.100607555E+01  1.761008911E+02
1.102547185E+01  1.756568298E+02
1.104486814E+01  1.707811127E+02
1.106426444E+01  1.631559143E+02
1.108366074E+01  1.523414154E+02
1.110305703E+01  1.414668427E+02
1.112245333E+01  1.289312744E+02
1.114184962E+01  1.161728287E+02
1.116124592E+01  1.027588196E+02
1.118064222E+01  8.956172943E+01
1.120003851E+01  7.811614227E+01
1.121943481E+01  6.999156952E+01
1.123883110E+01  6.260273361E+01
1.125822740E+01  5.609089279E+01
1.127762369E+01  5.178699493E+01
1.129701999E+01  5.103954315E+01
1.131641629E+01  5.156982422E+01
1.133581258E+01  5.203073120E+01
1.135520888E+01  5.303165436E+01
1.137460517E+01  5.677620316E+01
1.139400147E+01  6.274135971E+01
1.141339776E+01  6.826613617E+01
1.143279406E+01  7.477882385E+01
1.145219036E+01  8.320524597E+01
1.147158665E+01  9.170234680E+01
1.149098295E+01  1.016845856E+02
1.151037924E+01  1.123497925E+02
1.152977554E+01  1.257985764E+02
1.154917183E+01  1.391075439E+02
1.156856813E+01  1.516415405E+02
1.158796443E+01  1.632500153E+02
1.160736072E+01  1.743665009E+02
1.162675702E+01  1.819950714E+02
1.164615331E+01  1.834275360E+02
1.166554961E+01  1.820891724E+02
1.168494590E+01  1.783410187E+02
1.170434220E+01  1.709424438E+02
1.172373850E+01  1.607208557E+02
1.174313479E+01  1.483127136E+02
1.176253109E+01  1.336022034E+02
1.178192738E+01  1.181765671E+02
1.180132368E+01  1.037245483E+02
1.182071998E+01  8.874613953E+01
1.184011627E+01  7.414385986E+01
1.185951257E+01  6.135168457E+01
1.187890886E+01  5.075935364E+01
1.189830516E+01  4.108446121E+01
1.191770145E+01  3.154286766E+01
1.193709775E+01  2.656915855E+01
1.195649405E+01  2.352148628E+01
1.197589034E+01  2.205511475E+01
1.199528664E+01  1.918834496E+01
1.201468293E+01  1.692678452E+01
1.203407923E+01  1.466105461E+01
1.205347552E+01  1.398150730E+01
1.207287182E+01  1.211034966E+01
1.209226812E+01  1.283573723E+01
1.211166441E+01  1.351983261E+01
1.213106071E+01  1.300848579E+01
1.215045700E+01  1.252772045E+01
1.216985330E+01  1.341127777E+01
1.218924959E+01  1.480936813E+01
1.220864589E+01  1.444159985E+01
1.222804219E+01  1.367145061E+01
1.224743848E+01  1.346061897E+01
1.226683478E+01  1.266639042E+01
1.228623107E+01  1.044960022E+01
1.230562737E+01  6.841533661E+00
1.232502367E+01  5.965365410E+00
1.234441996E+01  2.534940004E+00
1.236381626E+01  -2.965908647E-01
1.238321255E+01  -2.183104753E+00
1.240260885E+01  -2.805721045E+00
1.242200514E+01  -3.556392670E+00
1.244140144E+01  -1.249331594E+00
1.246079774E+01  -7.069453001E-01
1.248019403E+01  9.049583077E-01
1.249959033E+01  1.235617757E+00
1.251898662E+01  2.481739283E+00
1.253838292E+01  3.917280912E+00
1.255777921E+01  5.914446354E+00
1.257717551E+01  6.965657234E+00
1.259657181E+01  9.822953224E+00
1.261596810E+01  1.208148479E+01
1.263536440E+01  1.620319557E+01
1.265476069E+01  1.982003593E+01
1.267415699E+01  2.213777351E+01
1.269355328E+01  2.553656769E+01
1.271294958E+01  2.876433372E+01
1.273234588E+01  3.230122757E+01
1.275174217E+01  3.355838776E+01
1.277113847E+01  3.634325027E+01
1.279053476E+01  3.584098053E+01
1.280993106E+01  3.716332245E+01
1.282932735E+01  3.776116180E+01
1.284872365E+01  3.887302399E+01
1.286811995E+01  3.687199020E+01
1.288751624E+01  3.471978378E+01
1.290691254E+01  3.282517624E+01
1.292630883E+01  3.061890984E+01
1.294570513E+01  3.002125168E+01
1.296510143E+01  2.920880890E+01
1.298449772E+01  2.760135078E+01
1.300389402E+01  2.391258049E+01
1.302329031E+01  2.244407272E+01
1.304268661E+01  2.233381081E+01
1.306208290E+01  2.419557571E+01
1.308147920E+01  2.593755531E+01
1.310087550E+01  2.822033691E+01
1.312027179E+01  2.979089355E+01
1.313966809E+01  3.383341217E+01
1.315906438E+01  3.884305573E+01
1.317846068E+01  4.459399796E+01
1.319785697E+01  4.803002167E+01
1.321725327E+01  5.226258469E+01
1.323664957E+01  5.642357635E+01
1.325604586E+01  6.483330536E+01
1.327544216E+01  7.242163849E+01
1.329483845E+01  8.214765930E+01
1.331423475E+01  9.344522858E+01
1.333363104E+01  1.057703705E+02
1.335302734E+01  1.176117325E+02
1.337242364E+01  1.301925201E+02
1.339181993E+01  1.435461731E+02
1.341121623E+01  1.576208344E+02
1.343061252E+01  1.726897888E+02
1.345000882E+01  1.861668549E+02
1.346940511E+01  1.988806000E+02
1.348880141E+01  2.084458618E+02
1.350819771E+01  2.150177460E+02
1.352759400E+01  2.191448059E+02
1.354699030E+01  2.209033813E+02
1.356638659E+01  2.207520752E+02
1.358578289E+01  2.150686035E+02
1.360517919E+01  2.052165070E+02
1.362457548E+01  1.950948486E+02
1.364397178E+01  1.836354370E+02
1.366336807E+01  1.711872101E+02
1.368276437E+01  1.567675476E+02
1.370216066E+01  1.433710632E+02
1.372155696E+01  1.291644897E+02
1.374095326E+01  1.147951889E+02
1.376034955E+01  1.010157547E+02
1.377974585E+01  9.053209686E+01
1.379914214E+01  8.214240265E+01
1.381853844E+01  7.298100281E+01
1.383793473E+01  6.607920074E+01
1.385733103E+01  5.986938858E+01
1.387672733E+01  5.776197433E+01
1.389612362E+01  5.613831329E+01
1.391551992E+01  5.804306412E+01
1.393491621E+01  5.853676605E+01
1.395431251E+01  6.324610138E+01
1.397370880E+01  6.774477386E+01
1.399310510E+01  7.409159088E+01
1.401250140E+01  8.011147308E+01
1.403189769E+01  8.980439758E+01
1.405129399E+01  1.044918671E+02
1.407069028E+01  1.239848862E+02
1.409008658E+01  1.455331879E+02
1.410948287E+01  1.685673981E+02
1.412887917E+01  1.968389740E+02
1.414827547E+01  2.283598480E+02
1.416767176E+01  2.616690674E+02
1.418706806E+01  2.893796082E+02
1.420646435E+01  3.126336060E+02
1.422586065E+01  3.273284302E+02
1.424525695E+01  3.334032593E+02
1.426465324E+01  3.337469788E+02
1.428404954E+01  3.344408569E+02
1.430344583E+01  3.347528381E+02
1.432284213E+01  3.356799927E+02
1.434223842E+01  2.691245117E+02
1.436163472E+01  2.536617584E+02
1.438103102E+01  2.565132751E+02
1.440042731E+01  2.772767944E+02
1.441982361E+01  3.985944519E+02
1.443921990E+01  5.556848145E+02
1.445861620E+01  7.768450317E+02
1.447801249E+01  8.311218262E+02
1.449740879E+01  8.426290283E+02
1.451680509E+01  8.593393555E+02
1.453620138E+01  8.584912109E+02
1.455559768E+01  7.103648682E+02
1.457499397E+01  5.693534546E+02
1.459439027E+01  4.491570435E+02
1.461378656E+01  2.903560791E+02
1.463318286E+01  2.012658997E+02
1.465257916E+01  1.452360992E+02
1.467197545E+01  1.262449036E+02
1.469137175E+01  9.716041565E+01
1.471076804E+01  8.374247742E+01
1.473016434E+01  6.971207428E+01
1.474956064E+01  5.978303528E+01
1.476895693E+01  4.829951859E+01
1.478835323E+01  4.093153381E+01
1.480774952E+01  3.476432037E+01
1.482714582E+01  2.734960747E+01
1.484654211E+01  1.886993027E+01
1.486593841E+01  7.435980797E+00
1.488533471E+01  -4.460893571E-01
1.490473100E+01  2.725402415E-01
1.492412730E+01  5.121352196E+00
1.494352359E+01  8.757711411E+00
1.496291989E+01  9.868968010E+00
1.498231618E+01  8.005221367E+00
1.500171248E+01  6.292464733E+00
1.502110878E+01  4.126674652E+00
1.504050507E+01  3.525382996E+00
1.505990137E+01  5.018547535E+00
1.507929766E+01  6.259154320E+00
1.509869396E+01  6.449491501E+00
1.511809025E+01  3.984955549E+00
1.513748655E+01  3.135938406E+00
1.515688285E+01  1.685775876E+00
1.517627914E+01  1.506680489E+00
1.519567544E+01  -4.132711887E-02
1.521507173E+01  -2.168561816E-01
1.523446803E+01  1.692262851E-02
1.525386432E+01  -9.801281095E-01
1.527326062E+01  -1.991170406E+00
1.529265692E+01  -1.742921472E+00
1.531205321E+01  -1.685187459E+00
1.533144951E+01  -2.707898617E+00
1.535084580E+01  -3.653797865E+00
1.537024210E+01  -4.035718441E+00
1.538963840E+01  -3.921832800E+00
1.540903469E+01  -3.135840893E+00
1.542843099E+01  -2.282599211E+00
1.544782728E+01  -7.837582827E-01
1.546722358E+01  4.410887957E-01
1.548661987E+01  8.562492132E-01
1.550601617E+01  1.629759312E+00
1.552541247E+01  2.832119942E+00
1.554480876E+01  2.307883024E+00
1.556420506E+01  2.248653889E+00
1.558360135E+01  2.396220207E+00
1.560299765E+01  4.402173996E+00
1.562239394E+01  5.348911762E+00
1.564179024E+01  6.996218681E+00
1.566118654E+01  7.160420418E+00
1.568058283E+01  7.246368408E+00
1.569997913E+01  7.641239643E+00
1.571937542E+01  6.986265659E+00
1.573877172E+01  5.651586533E+00
1.575816801E+01  3.385664940E+00
1.577756431E+01  3.226418495E+00
1.579696061E+01  4.491695881E+00
1.581635690E+01  3.613505602E+00
1.583575320E+01  1.465160370E+00
1.585514949E+01  -2.459018528E-01
1.587454579E+01  -6.827116013E-01
1.589394208E+01  -5.316033363E-01
1.591333838E+01  6.569600105E-01
1.593273468E+01  1.922972441E+00
1.595213097E+01  -8.623974323E-01
1.597152727E+01  -3.751694918E+00
1.599092356E+01  -3.456536055E+00
1.601031986E+01  -6.427809596E-01
1.602971616E+01  9.207790494E-01
1.604911245E+01  1.190055832E-01
1.606850875E+01  -5.315667391E-01
1.608790504E+01  2.054517984E+00
1.610730134E+01  4.143445969E+00
1.612669763E+01  6.701899052E+00
1.614609393E+01  9.599198341E+00
1.616549023E+01  1.232408714E+01
1.618488652E+01  1.508018780E+01
1.620428282E+01  2.023862267E+01
1.622367911E+01  2.649548149E+01
1.624307541E+01  3.117527390E+01
1.626247170E+01  3.373043823E+01
1.628186800E+01  3.574279404E+01
1.630126430E+01  4.027240372E+01
1.632066059E+01  4.426528931E+01
1.634005689E+01  4.869746399E+01
1.635945318E+01  4.980586624E+01
1.637884948E+01  5.168383789E+01
1.639824577E+01  5.337825394E+01
1.641764207E+01  5.916833878E+01
1.643703837E+01  6.313865662E+01
1.645643466E+01  6.687831879E+01
1.647583096E+01  6.902541351E+01
1.649522725E+01  7.092397308E+01
1.651462355E+01  7.954853058E+01
1.653401984E+01  1.010863876E+02
1.655341614E+01  1.219376373E+02
1.657281244E+01  1.413427887E+02
1.659220873E+01  1.537890472E+02
1.661160503E+01  1.673284302E+02
1.663100132E+01  1.859820404E+02
1.665039762E+01  2.270738220E+02
1.666979392E+01  2.755376587E+02
1.668919021E+01  3.283207092E+02
1.670858651E+01  4.033480530E+02
1.672798280E+01  4.715247498E+02
1.674737910E+01  5.324139404E+02
1.676677539E+01  5.968721313E+02
1.678617169E+01  6.335245972E+02
1.680556799E+01  6.663014526E+02
1.682496428E+01  6.390982666E+02
1.684436058E+01  5.938059692E+02
1.686375687E+01  4.924476929E+02
1.688315317E+01  4.376812439E+02
1.690254946E+01  4.205880127E+02
1.692194576E+01  3.698438110E+02
1.694134206E+01  3.003808594E+02
1.696073835E+01  2.338148193E+02
1.698013465E+01  1.800515900E+02
1.699953094E+01  1.465178375E+02
1.701892724E+01  1.201919479E+02
1.703832353E+01  1.011141663E+02
1.705771983E+01  8.965667725E+01
1.707711613E+01  8.053091431E+01
1.709651242E+01  7.214500427E+01
1.711590872E+01  6.346924973E+01
1.713530501E+01  5.877637100E+01
1.715470131E+01  5.868861771E+01
1.717409761E+01  5.913410568E+01
1.719349390E+01  5.692419052E+01
1.721289020E+01  5.379451370E+01
1.723228649E+01  4.968965912E+01
1.725168279E+01  4.663060760E+01
1.727107908E+01  4.232680893E+01
1.729047538E+01  3.852774048E+01
1.730987168E+01  3.561496353E+01
1.732926797E+01  3.283187103E+01
1.734866427E+01  2.883642960E+01
1.736806056E+01  2.436476135E+01
1.738745686E+01  2.178437233E+01
1.740685315E+01  1.986516571E+01
1.742624945E+01  1.827553368E+01
1.744564575E+01  1.363193417E+01
1.746504204E+01  7.631950378E+00
1.748443834E+01  5.933939457E+00
1.750383463E+01  1.150200939E+01
1.752323093E+01  1.770099831E+01
1.754262722E+01  1.938534546E+01
1.756202352E+01  1.703655052E+01
1.758141982E+01  1.579833603E+01
1.760081611E+01  1.359579468E+01
1.762021241E+01  1.171546841E+01
1.763960870E+01  1.006732082E+01
1.765900500E+01  8.527999878E+00
1.767840129E+01  3.614426851E+00
1.769779759E+01  9.647567272E-01
1.771719389E+01  -8.493629694E-01
1.773659018E+01  -1.455114126E+00
1.775598648E+01  -4.254189491E+00
1.777538277E+01  -3.892030239E+00
1.779477907E+01  -4.137705803E+00
1.781417537E+01  -5.152959347E+00
1.783357166E+01  -6.215837955E+00
1.785296796E+01  -8.521963120E+00
1.787236425E+01  -8.893761635E+00
1.789176055E+01  -8.411325455E+00
1.791115684E+01  -5.442685127E+00
1.793055314E+01  -3.235611916E+00
1.794994944E+01  -9.303148389E-01
1.796934573E+01  1.787481189E+00
1.798874203E+01  6.010993004E+00
1.800813832E+01  9.998607635E+00
1.802753462E+01  1.330180550E+01
1.804693091E+01  1.659572411E+01
1.806632721E+01  2.131000900E+01
1.808572351E+01  2.768740654E+01
1.810511980E+01  3.486798859E+01
1.812451610E+01  4.047824478E+01
1.814391239E+01  4.453441620E+01
1.816330869E+01  4.884456635E+01
1.818270498E+01  5.461407089E+01
1.820210128E+01  6.087208939E+01
1.822149758E+01  6.718961334E+01
1.824089387E+01  7.363475037E+01
1.826029017E+01  8.067483521E+01
1.827968646E+01  8.924330139E+01
1.829908276E+01  9.780464172E+01
1.831847905E+01  1.058914719E+02
1.833787535E+01  1.131301880E+02
1.835727165E+01  1.205810394E+02
1.837666794E+01  1.269908066E+02
1.839606424E+01  1.343506317E+02
1.841546053E+01  1.408623657E+02
1.843485683E+01  1.485793915E+02
1.845425313E+01  1.526461334E+02
1.847364942E+01  1.590116730E+02
1.849304572E+01  1.645444641E+02
1.851244201E+01  1.719344788E+02
1.853183831E+01  1.767463837E+02
1.855123460E+01  1.826304779E+02
1.857063090E+01  1.884618073E+02
1.859002720E+01  1.936583862E+02
1.860942349E+01  1.978018951E+02
1.862881979E+01  2.009635010E+02
1.864821608E+01  2.028172455E+02
1.866761238E+01  2.067587738E+02
1.868700867E+01  2.095989532E+02
1.870640497E+01  2.121765594E+02
1.872580127E+01  2.124543152E+02
1.874519756E+01  2.127974243E+02
1.876459386E+01  2.139600983E+02
1.878399015E+01  2.141610718E+02
1.880338645E+01  2.149514465E+02
1.882278274E+01  2.149275970E+02
1.884217904E+01  2.157173004E+02
1.886157534E+01  2.149713593E+02
1.888097163E+01  2.156996002E+02
1.890036793E+01  2.153630981E+02
1.891976422E+01  2.147866058E+02
1.893916052E+01  2.143415680E+02
1.895855681E+01  2.125709839E+02
1.897795311E+01  2.108899536E+02
1.899734941E+01  2.078770599E+02
1.901674570E+01  2.057943726E+02
1.903614200E+01  2.032286987E+02
1.905553829E+01  1.996964722E+02
1.907493459E+01  1.949659119E+02
1.909433089E+01  1.894628448E+02
1.911372718E+01  1.838375397E+02
1.913312348E+01  1.779457397E+02
1.915251977E+01  1.707582855E+02
1.917191607E+01  1.632093048E+02
1.919131236E+01  1.543121185E+02
1.921070866E+01  1.445367279E+02
1.923010496E+01  1.367673492E+02
1.924950125E+01  1.308453522E+02
1.926889755E+01  1.228849869E+02
1.928829384E+01  1.137166672E+02
1.930769014E+01  1.056456070E+02
1.932708643E+01  9.849253845E+01
1.934648273E+01  9.126220703E+01
1.936587903E+01  8.408890533E+01
1.938527532E+01  7.746356964E+01
1.940467162E+01  7.057381439E+01
1.942406791E+01  6.365042877E+01
1.944346421E+01  5.848126984E+01
1.946286050E+01  5.404506683E+01
1.948225680E+01  4.933563995E+01
1.950165310E+01  4.535408783E+01
1.952104939E+01  4.087883759E+01
1.954044569E+01  3.542778015E+01
1.955984198E+01  3.054393387E+01
1.957923828E+01  2.717777824E+01
1.959863458E+01  2.328075981E+01
1.961803087E+01  1.881115913E+01
1.963742717E+01  1.602901459E+01
1.965682346E+01  1.468949604E+01
1.967621976E+01  1.407341957E+01
1.969561605E+01  1.264717197E+01
1.971501235E+01  1.047140026E+01
1.973440865E+01  8.853126526E+00
1.975380494E+01  9.061562538E+00
1.977320124E+01  1.021948338E+01
1.979259753E+01  8.461181641E+00
1.981199383E+01  8.335065842E+00
1.983139012E+01  8.667435646E+00
1.985078642E+01  9.123029709E+00
1.987018272E+01  8.282667160E+00
1.988957901E+01  7.798038960E+00
1.990897531E+01  8.274280548E+00
1.992837160E+01  8.491165161E+00
1.994776790E+01  8.571319580E+00
1.996716419E+01  7.152349472E+00
1.998656049E+01  5.563843727E+00
2.000595679E+01  4.559064865E+00
2.002535308E+01  4.349864483E+00
2.004474938E+01  3.540037394E+00
2.006414567E+01  3.338455439E+00
2.008354197E+01  3.115955591E+00
2.010293826E+01  2.802070141E+00
2.012233456E+01  4.249824584E-02
2.014173086E+01  -2.015248299E+00
2.016112715E+01  -2.827801943E+00
2.018052345E+01  -2.638066769E+00
2.019991974E+01  -2.743774176E+00
2.021931604E+01  -4.252853870E+00
2.023871234E+01  -4.330747604E+00
2.025810863E+01  -4.182833672E+00
2.027750493E+01  -5.021711349E+00
2.029690122E+01  -5.253970623E+00
2.031629752E+01  -5.435271740E+00
2.033569381E+01  -4.913168907E+00
2.035509011E+01  -4.015100956E+00
2.037448641E+01  -3.989556313E+00
2.039388270E+01  -3.525605440E+00
2.041327900E+01  -2.875707388E+00
2.043267529E+01  -2.036376953E+00
2.045207159E+01  -1.612689137E+00
2.047146788E+01  -2.580002069E+00
2.049086418E+01  -1.542994022E+00
2.051026048E+01  -1.058420181E+00
2.052965677E+01  3.849017322E-01
2.054905307E+01  2.189330101E+00
2.056844936E+01  3.992388964E+00
2.058784566E+01  3.005630732E+00
2.060724195E+01  3.313215256E+00
2.062663825E+01  6.279132843E+00
2.064603455E+01  1.029451180E+01
2.066543084E+01  1.129983234E+01
2.068482714E+01  1.092237282E+01
2.070422343E+01  1.132825279E+01
2.072361973E+01  1.136793995E+01
2.074301602E+01  1.191559601E+01
2.076241232E+01  1.421038532E+01
2.078180862E+01  1.722487450E+01
2.080120491E+01  1.849657059E+01
2.082060121E+01  2.011668777E+01
2.083999750E+01  2.125626564E+01
2.085939380E+01  2.242104530E+01
2.087879010E+01  2.359086800E+01
2.089818639E+01  2.451630783E+01
2.091758269E+01  2.532242012E+01
2.093697898E+01  2.619380188E+01
2.095637528E+01  2.706330299E+01
2.097577157E+01  2.749117661E+01
2.099516787E+01  2.814627838E+01
2.101456417E+01  2.796084213E+01
2.103396046E+01  2.776573944E+01
2.105335676E+01  2.812005806E+01
2.107275305E+01  2.776398659E+01
2.109214935E+01  2.649185562E+01
2.111154564E+01  2.645926857E+01
2.113094194E+01  2.781736946E+01
2.115033824E+01  2.971236420E+01
2.116973453E+01  2.814391136E+01
2.118913083E+01  2.649466324E+01
2.120852712E+01  2.478709984E+01
2.122792342E+01  2.334247017E+01
2.124731971E+01  2.088454628E+01
2.126671601E+01  2.107038689E+01
2.128611231E+01  2.176573181E+01
2.130550860E+01  2.007381058E+01
2.132490490E+01  1.653773117E+01
2.134430119E+01  1.273692322E+01
2.136369749E+01  1.202737522E+01
2.138309378E+01  1.108630943E+01
2.140249008E+01  9.764482498E+00
2.142188638E+01  7.928961277E+00
2.144128267E+01  4.872061729E+00
2.146067897E+01  3.720774412E+00
2.148007526E+01  3.237062454E+00
2.149947156E+01  2.310540199E+00
2.151886786E+01  1.031231165E+00
2.153826415E+01  -1.452973299E-02
2.155766045E+01  1.494086348E-02
2.157705674E+01  1.165815294E-01
2.159645304E+01  -5.469118357E-01
2.161584933E+01  -1.550890207E+00
2.163524563E+01  -2.682380199E+00
2.165464193E+01  -2.397354603E+00
2.167403822E+01  8.963121772E-01
2.169343452E+01  3.493146181E+00
2.171283081E+01  5.914491177E+00
2.173222711E+01  6.640935898E+00
2.175162340E+01  6.217786312E+00
2.177101970E+01  6.342715263E+00
2.179041600E+01  5.784224033E+00
2.180981229E+01  6.279840469E+00
2.182920859E+01  7.534166813E+00
2.184860488E+01  7.604871750E+00
2.186800118E+01  7.066266060E+00
2.188739747E+01  8.886014938E+00
2.190679377E+01  1.302279663E+01
2.192619007E+01  1.340018272E+01
2.194558636E+01  1.272914696E+01
2.196498266E+01  1.100416565E+01
2.198437895E+01  1.064823437E+01
2.200377525E+01  1.233708668E+01
2.202317155E+01  1.312688732E+01
2.204256784E+01  1.205237007E+01
2.206196414E+01  1.181702614E+01
2.208136043E+01  1.382386589E+01
2.210075673E+01  1.675867081E+01
2.212015302E+01  2.025356483E+01
2.213954932E+01  2.204790306E+01
2.215894562E+01  2.269872093E+01
2.217834191E+01  2.450602150E+01
2.219773821E+01  2.864803314E+01
2.221713450E+01  3.177616882E+01
2.223653080E+01  3.123085403E+01
2.225592709E+01  3.103687668E+01
2.227532339E+01  3.267389679E+01
2.229471969E+01  3.529714966E+01
2.231411598E+01  3.796960449E+01
2.233351228E+01  4.014904022E+01
2.235290857E+01  4.187113190E+01
2.237230487E+01  4.325556183E+01
2.239170116E+01  4.422061157E+01
2.241109746E+01  4.599437714E+01
2.243049376E+01  4.778201675E+01
2.244989005E+01  4.805406952E+01
2.246928635E+01  4.621612549E+01
2.248868264E+01  4.545819473E+01
2.250807894E+01  4.651689529E+01
2.252747523E+01  4.737786102E+01
2.254687153E+01  4.594491196E+01
2.256626783E+01  4.593873978E+01
2.258566412E+01  4.626237869E+01
2.260506042E+01  4.345920181E+01
2.262445671E+01  4.023320389E+01
2.264385301E+01  3.826000595E+01
2.266324931E+01  3.608140564E+01
2.268264560E+01  3.332386017E+01
2.270204190E+01  3.210645676E+01
2.272143819E+01  3.049770355E+01
2.274083449E+01  3.104675102E+01
2.276023078E+01  3.101925850E+01
2.277962708E+01  2.973892975E+01
2.279902338E+01  2.775499535E+01
2.281841967E+01  2.567766380E+01
2.283781597E+01  2.445058060E+01
2.285721226E+01  2.299755478E+01
2.287660856E+01  2.025698662E+01
2.289600485E+01  1.872654533E+01
2.291540115E+01  1.932888985E+01
2.293479745E+01  2.009404755E+01
2.295419374E+01  2.142869568E+01
2.297359004E+01  2.177389336E+01
2.299298633E+01  2.149300194E+01
2.301238263E+01  1.935608482E+01
2.303177892E+01  1.841659927E+01
2.305117522E+01  2.064398575E+01
2.307057152E+01  2.500080490E+01
2.308996781E+01  2.854895210E+01
2.310936411E+01  2.986201096E+01
2.312876040E+01  3.161534500E+01
2.314815670E+01  3.417838669E+01
2.316755299E+01  3.691542816E+01
2.318694929E+01  3.890021133E+01
2.320634559E+01  4.167181015E+01
2.322574188E+01  4.503979111E+01
2.324513818E+01  4.592993927E+01
2.326453447E+01  4.719649887E+01
2.328393077E+01  4.852331924E+01
2.330332707E+01  4.988698196E+01
2.332272336E+01  5.135563278E+01
2.334211966E+01  5.157165146E+01
2.336151595E+01  5.309687805E+01
2.338091225E+01  5.275318146E+01
2.340030854E+01  5.413125229E+01
2.341970484E+01  5.536575699E+01
2.343910114E+01  5.711629486E+01
2.345849743E+01  5.944679642E+01
2.347789373E+01  6.109748459E+01
2.349729002E+01  6.381618881E+01
2.351668632E+01  6.745380402E+01
2.353608261E+01  7.114469910E+01
2.355547891E+01  7.405966187E+01
2.357487521E+01  7.864830780E+01
2.359427150E+01  8.797113037E+01
2.361366780E+01  9.587576294E+01
2.363306409E+01  1.011336899E+02
2.365246039E+01  1.118282013E+02
2.367185668E+01  1.309900818E+02
2.369125298E+01  1.636428680E+02
2.371064928E+01  2.115522461E+02
2.373004557E+01  2.553447571E+02
2.374944187E+01  3.041069641E+02
2.376883816E+01  3.560154419E+02
2.378823446E+01  4.076493835E+02
2.380763075E+01  4.559561768E+02
2.382702705E+01  5.099900513E+02
2.384642335E+01  5.437239990E+02
2.386581964E+01  5.463279419E+02
2.388521594E+01  5.218109131E+02
2.390461223E+01  4.761130676E+02
2.392400853E+01  4.090397339E+02
2.394340483E+01  3.360197449E+02
2.396280112E+01  2.774071960E+02
2.398219742E+01  2.407564850E+02
2.400159371E+01  1.975209656E+02
2.402099001E+01  1.563731079E+02
2.404038630E+01  1.077841492E+02
2.405978260E+01  6.815129852E+01
2.407917890E+01  4.525300217E+01
2.409857519E+01  3.397872925E+01
2.411797149E+01  2.863069916E+01
2.413736778E+01  2.124322128E+01
2.415676408E+01  1.516155338E+01
2.417616037E+01  8.921049118E+00
2.419555667E+01  9.083339691E+00
2.421495297E+01  8.111331940E+00
2.423434926E+01  7.504955292E+00
2.425374556E+01  7.542126179E+00
2.427314185E+01  9.444035530E+00
2.429253815E+01  6.318022251E+00
2.431193444E+01  3.365582943E+00
2.433133074E+01  1.887016773E+00
2.435072704E+01  2.903255463E+00
2.437012333E+01  2.627059221E+00
2.438951963E+01  1.694713593E+00
2.440891592E+01  1.383319139E+00
2.442831222E+01  2.730435319E-02
2.444770852E+01  -2.977305949E-01
2.446710481E+01  -3.450733125E-01
2.448650111E+01  1.107307911E+00
2.450589740E+01  3.017759562E+00
2.452529370E+01  4.161517620E+00
2.454468999E+01  2.120708227E+00
2.456408629E+01  9.171680212E-01
2.458348259E+01  -4.074664414E-01
2.460287888E+01  1.317136645E+00
2.462227518E+01  2.509643078E+00
2.464167147E+01  4.526271820E+00
2.466106777E+01  4.871496677E+00
2.468046406E+01  3.138730764E+00
2.469986036E+01  -7.054861188E-01
2.471925666E+01  -2.348333120E+00
2.473865295E+01  -4.148808122E-01
2.475804925E+01  1.717464447E+00
2.477744554E+01  3.008566856E+00
2.479684184E+01  4.247510433E+00
2.481623813E+01  4.906855583E+00
2.483563443E+01  4.049379826E+00
2.485503073E+01  3.603962421E+00
2.487442702E+01  2.542835474E+00
2.489382332E+01  1.988763094E+00
2.491321961E+01  1.754350901E+00
2.493261591E+01  3.916510344E+00
2.495201220E+01  3.980277300E+00
2.497140850E+01  3.251370192E+00
2.499080480E+01  6.882398129E-01
2.501020109E+01  1.476720423E-01
2.502959739E+01  2.130634785E+00
2.504899368E+01  3.653611898E+00
2.506838998E+01  4.381899357E+00
2.508778628E+01  1.717489123E+00
2.510718257E+01  1.290520191E+00
2.512657887E+01  1.997843623E+00
2.514597516E+01  2.312342167E+00
2.516537146E+01  1.134728432E+00
2.518476775E+01  -4.166906327E-02
2.520416405E+01  2.201589495E-01
2.522356035E+01  3.284810781E-01
2.524295664E+01  -7.866477370E-01
2.526235294E+01  -2.293757915E+00
2.528174923E+01  -1.709486485E+00
2.530114553E+01  -2.272856236E+00
2.532054182E+01  -2.153047472E-01
2.533993812E+01  1.987784058E-01
2.535933442E+01  -4.268361330E-01
2.537873071E+01  -1.434435725E+00
2.539812701E+01  -5.982146263E-01
2.541752330E+01  2.528304338E+00
2.543691960E+01  2.453815460E+00
2.545631589E+01  2.120314598E+00
2.547571219E+01  1.495134950E+00
2.549510849E+01  4.894914150E+00
2.551450478E+01  6.311516762E+00
2.553390108E+01  5.545819759E+00
2.555329737E+01  3.074406624E+00
2.557269367E+01  1.937016845E+00
2.559208996E+01  3.405000687E+00
2.561148626E+01  3.867792368E+00
2.563088256E+01  3.437891722E+00
2.565027885E+01  1.769955635E+00
2.566967515E+01  7.402446866E-01
2.568907144E+01  1.523284912E+00
2.570846774E+01  1.667673327E-02
2.572786404E+01  4.285018742E-01
2.574726033E+01  1.331527352E+00
2.576665663E+01  3.341678381E+00
2.578605292E+01  3.538210630E+00
2.580544922E+01  5.596042156E+00
2.582484551E+01  9.008416176E+00
2.584424181E+01  1.042260361E+01
2.586363811E+01  1.302320766E+01
2.588303440E+01  1.435371304E+01
2.590243070E+01  1.468733597E+01
2.592182699E+01  1.558856010E+01
2.594122329E+01  1.789141273E+01
2.596061958E+01  2.009791374E+01
2.598001588E+01  2.072427368E+01
2.599941218E+01  2.262145042E+01
2.601880847E+01  2.568341637E+01
2.603820477E+01  2.751048851E+01
2.605760106E+01  2.696450996E+01
2.607699736E+01  2.918765450E+01
2.609639365E+01  3.110535431E+01
2.611578995E+01  3.402201080E+01
2.613518625E+01  3.922303772E+01
2.615458254E+01  4.373878479E+01
2.617397884E+01  4.844732285E+01
2.619337513E+01  5.347847748E+01
2.621277143E+01  5.494870377E+01
2.623216772E+01  5.351308441E+01
2.625156402E+01  5.299690247E+01
2.627096032E+01  5.565932083E+01
2.629035661E+01  5.203296280E+01
2.630975291E+01  4.522592163E+01
2.632914920E+01  3.874374771E+01
2.634854550E+01  3.337765121E+01
2.636794180E+01  3.142933083E+01
2.638733809E+01  3.113112640E+01
2.640673439E+01  2.905031013E+01
2.642613068E+01  2.643698311E+01
2.644552698E+01  2.335613441E+01
2.646492327E+01  2.582289124E+01
2.648431957E+01  2.595631218E+01
2.650371587E+01  2.493300247E+01
2.652311216E+01  2.521341324E+01
2.654250846E+01  2.589169312E+01
2.656190475E+01  2.537756729E+01
2.658130105E+01  2.111385727E+01
2.660069734E+01  2.100592804E+01
2.662009364E+01  2.453545189E+01
2.663948994E+01  2.681777382E+01
2.665888623E+01  2.549670410E+01
2.667828253E+01  2.632971001E+01
2.669767882E+01  2.955511665E+01
2.671707512E+01  3.126759720E+01
2.673647141E+01  3.223532104E+01
2.675586771E+01  3.447906494E+01
2.677526401E+01  3.537475967E+01
2.679466030E+01  3.526044083E+01
2.681405660E+01  3.314817047E+01
2.683345289E+01  3.366131210E+01
2.685284919E+01  3.402550507E+01
2.687224549E+01  3.729256821E+01
2.689164178E+01  3.925408554E+01
2.691103808E+01  4.210010910E+01
2.693043437E+01  4.434984589E+01
2.694983067E+01  4.681334686E+01
2.696922696E+01  4.706587601E+01
2.698862326E+01  4.932440567E+01
2.700801956E+01  5.074961853E+01
2.702741585E+01  5.278674316E+01
2.704681215E+01  5.049785233E+01
2.706620844E+01  5.036555862E+01
2.708560474E+01  5.151155090E+01
2.710500103E+01  5.680155945E+01
2.712439733E+01  5.979605484E+01
2.714379363E+01  6.227318573E+01
2.716318992E+01  6.225636673E+01
2.718258622E+01  6.239098358E+01
2.720198251E+01  6.117288208E+01
2.722137881E+01  6.299159622E+01
2.724077510E+01  6.656022644E+01
2.726017140E+01  6.970842743E+01
2.727956770E+01  6.829837799E+01
2.729896399E+01  6.671498871E+01
2.731836029E+01  6.756267548E+01
2.733775658E+01  7.186550903E+01
2.735715288E+01  6.998784637E+01
2.737654917E+01  6.786991119E+01
2.739594547E+01  6.550843048E+01
2.741534177E+01  6.877577209E+01
2.743473806E+01  7.168643951E+01
2.745413436E+01  7.272425842E+01
2.747353065E+01  7.151394653E+01
2.749292695E+01  7.010478210E+01
2.751232325E+01  6.777139282E+01
2.753171954E+01  6.478617859E+01
2.755111584E+01  5.962510681E+01
2.757051213E+01  5.975069427E+01
2.758990843E+01  6.032120895E+01
2.760930472E+01  5.414234161E+01
2.762870102E+01  4.619310379E+01
2.764809732E+01  4.297275162E+01
2.766749361E+01  4.984798813E+01
2.768688991E+01  5.929908371E+01
2.770628620E+01  6.444309998E+01
2.772568250E+01  6.150412369E+01
2.774507879E+01  6.555628204E+01
2.776447509E+01  8.536942291E+01
2.778387139E+01  9.996073151E+01
2.780326768E+01  9.757865906E+01
2.782266398E+01  9.686187744E+01
2.784206027E+01  1.267844467E+02
2.786145657E+01  1.597029724E+02
2.788085286E+01  2.070641327E+02
2.790024916E+01  2.725058899E+02
2.791964546E+01  3.519792480E+02
2.793904175E+01  4.127340088E+02
2.795843805E+01  4.915676575E+02
2.797783434E+01  5.620218506E+02
2.799723064E+01  6.200063477E+02
2.801662693E+01  6.360936279E+02
2.803602323E+01  6.346436157E+02
2.805541953E+01  5.857864990E+02
2.807481582E+01  5.254168091E+02
2.809421212E+01  4.664218140E+02
2.811360841E+01  4.258377991E+02
2.813300471E+01  4.821115112E+02
2.815240101E+01  4.972420959E+02
2.817179730E+01  4.584128113E+02
2.819119360E+01  3.798702087E+02
2.821058989E+01  2.892025757E+02
2.822998619E+01  1.972949219E+02
2.824938248E+01  1.416920319E+02
2.826877878E+01  1.138176346E+02
2.828817508E+01  8.710775757E+01
2.830757137E+01  6.601853943E+01
2.832696767E+01  5.409963226E+01
2.834636396E+01  5.075145340E+01
2.836576026E+01  4.008506012E+01
2.838515655E+01  2.928809166E+01
2.840455285E+01  2.126640892E+01
2.842394915E+01  1.592319012E+01
2.844334544E+01  8.860682487E+00
2.846274174E+01  6.788022041E+00
2.848213803E+01  8.417616844E+00
2.850153433E+01  7.440410614E+00
2.852093062E+01  7.310977459E+00
2.854032692E+01  1.220940208E+01
2.855972322E+01  1.544505310E+01
2.857911951E+01  1.371022511E+01
2.859851581E+01  1.061720657E+01
2.861791210E+01  1.055028725E+01
2.863730840E+01  1.232021713E+01
2.865670469E+01  1.416066551E+01
2.867610099E+01  1.422023678E+01
2.869549729E+01  1.262081909E+01
2.871489358E+01  7.630115032E+00
2.873428988E+01  6.630955219E+00
2.875368617E+01  8.217952728E+00
2.877308247E+01  1.421494675E+01
2.879247877E+01  1.628316498E+01
2.881187506E+01  1.519064236E+01
2.883127136E+01  1.383814049E+01
2.885066765E+01  1.139264297E+01
2.887006395E+01  7.594366550E+00
2.888946024E+01  3.206562042E+00
2.890885654E+01  4.467265606E+00
2.892825284E+01  3.463713408E+00
2.894764913E+01  3.944847584E+00
2.896704543E+01  1.677943230E+00
2.898644172E+01  -1.795589328E+00
2.900583802E+01  -5.254415989E+00
2.902523431E+01  -2.912068844E+00
2.904463061E+01  -1.599349380E+00
2.906402691E+01  -5.345259905E-01
2.908342320E+01  -2.732895017E-01
2.910281950E+01  4.127409935E+00
2.912221579E+01  1.439696598E+01
2.914161209E+01  1.315368366E+01
2.916100838E+01  1.295972729E+01
2.918040468E+01  1.579759026E+01
2.919980098E+01  2.543935204E+01
2.921919727E+01  3.836473465E+01
2.923859357E+01  5.396006393E+01
2.925798986E+01  7.166414642E+01
2.927738616E+01  8.599197388E+01
2.929678246E+01  1.006845779E+02
2.931617875E+01  1.160315781E+02
2.933557505E+01  1.211954880E+02
2.935497134E+01  1.149912872E+02
2.937436764E+01  1.022704773E+02
2.939376393E+01  8.916357422E+01
2.941316023E+01  7.429104614E+01
2.943255653E+01  5.171675491E+01
2.945195282E+01  2.517227364E+01
2.947134912E+01  3.885372579E-01
2.949074541E+01  -7.561011791E+00
2.951014171E+01  -1.520854855E+01
2.952953800E+01  -1.324311066E+01
2.954893430E+01  -6.904492378E+00
2.956833060E+01  8.402598500E-01
2.958772689E+01  3.026845455E+00
2.960712319E+01  9.130224228E+00
2.962651948E+01  5.014588356E+00
2.964591578E+01  -6.278437614E+00
